params,frequency,run,hinted_latency,default_latency,confidence,plan_id,plan_content
"['C%', 'mini biography', 'features', 'm', 'f', 'P%', 'Volker Boehm']",1,median,116.35947227478027,737.1973991394043,0.6234232,50,/*+  SeqScan(pi) IndexScan(an person_id_aka_name) IndexScan(n name_pkey) IndexScan(ci person_id_cast_info) IndexScan(ml linked_movie_id_movie_link) IndexScan(it info_type_pkey) IndexScan(t title_pkey) IndexScan(lt link_type_pkey) NestLoop(pi an) NestLoop(pi an n) NestLoop(pi an n ci) NestLoop(pi an n ci ml) NestLoop(pi an n ci ml it) NestLoop(pi an n ci ml it t) NestLoop(pi an n ci ml it t lt) Leading((((((((pi an) n) ci) ml) it) t) lt)) */
"['%g%', 'mini biography', 'features', 'm', 'f', '%F%', 'Volker Boehm']",1,median,117.3086166381836,834.7036838531494,0.60774255,50,/*+  SeqScan(pi) IndexScan(an person_id_aka_name) IndexScan(n name_pkey) IndexScan(ci person_id_cast_info) IndexScan(ml linked_movie_id_movie_link) IndexScan(it info_type_pkey) IndexScan(t title_pkey) IndexScan(lt link_type_pkey) NestLoop(pi an) NestLoop(pi an n) NestLoop(pi an n ci) NestLoop(pi an n ci ml) NestLoop(pi an n ci ml it) NestLoop(pi an n ci ml it t) NestLoop(pi an n ci ml it t lt) Leading((((((((pi an) n) ci) ml) it) t) lt)) */
"['C%', 'mini biography', 'features', 'm', 'f', 'O%', 'Volker Boehm']",1,median,113.38949203491211,734.5502376556396,0.6106615,50,/*+  SeqScan(pi) IndexScan(an person_id_aka_name) IndexScan(n name_pkey) IndexScan(ci person_id_cast_info) IndexScan(ml linked_movie_id_movie_link) IndexScan(it info_type_pkey) IndexScan(t title_pkey) IndexScan(lt link_type_pkey) NestLoop(pi an) NestLoop(pi an n) NestLoop(pi an n ci) NestLoop(pi an n ci ml) NestLoop(pi an n ci ml it) NestLoop(pi an n ci ml it t) NestLoop(pi an n ci ml it t lt) Leading((((((((pi an) n) ci) ml) it) t) lt)) */
"['%a%', 'mini biography', 'features', 'f', 'm', 'R%', 'Volker Boehm']",1,median,136.4154815673828,2267.979860305786,0.6142255,50,/*+  SeqScan(pi) IndexScan(an person_id_aka_name) IndexScan(n name_pkey) IndexScan(ci person_id_cast_info) IndexScan(ml linked_movie_id_movie_link) IndexScan(it info_type_pkey) IndexScan(t title_pkey) IndexScan(lt link_type_pkey) NestLoop(pi an) NestLoop(pi an n) NestLoop(pi an n ci) NestLoop(pi an n ci ml) NestLoop(pi an n ci ml it) NestLoop(pi an n ci ml it t) NestLoop(pi an n ci ml it t lt) Leading((((((((pi an) n) ci) ml) it) t) lt)) */
"['%a%', 'mini biography', 'features', 'm', 'f', 'H%', 'Volker Boehm']",2,median,126.46722793579102,3075.665235519409,0.62155247,50,/*+  SeqScan(pi) IndexScan(an person_id_aka_name) IndexScan(n name_pkey) IndexScan(ci person_id_cast_info) IndexScan(ml linked_movie_id_movie_link) IndexScan(it info_type_pkey) IndexScan(t title_pkey) IndexScan(lt link_type_pkey) NestLoop(pi an) NestLoop(pi an n) NestLoop(pi an n ci) NestLoop(pi an n ci ml) NestLoop(pi an n ci ml it) NestLoop(pi an n ci ml it t) NestLoop(pi an n ci ml it t lt) Leading((((((((pi an) n) ci) ml) it) t) lt)) */
"['%z%', 'mini biography', 'features', 'f', 'm', 'E%', 'Volker Boehm']",1,median,115.6766414642334,684.4580173492432,0.6060493,50,/*+  SeqScan(pi) IndexScan(an person_id_aka_name) IndexScan(n name_pkey) IndexScan(ci person_id_cast_info) IndexScan(ml linked_movie_id_movie_link) IndexScan(it info_type_pkey) IndexScan(t title_pkey) IndexScan(lt link_type_pkey) NestLoop(pi an) NestLoop(pi an n) NestLoop(pi an n ci) NestLoop(pi an n ci ml) NestLoop(pi an n ci ml it) NestLoop(pi an n ci ml it t) NestLoop(pi an n ci ml it t lt) Leading((((((((pi an) n) ci) ml) it) t) lt)) */
"['%y%', 'mini biography', 'features', 'm', 'f', 'B%', 'Volker Boehm']",1,median,121.98233604431152,914.7617816925049,0.61857086,50,/*+  SeqScan(pi) IndexScan(an person_id_aka_name) IndexScan(n name_pkey) IndexScan(ci person_id_cast_info) IndexScan(ml linked_movie_id_movie_link) IndexScan(it info_type_pkey) IndexScan(t title_pkey) IndexScan(lt link_type_pkey) NestLoop(pi an) NestLoop(pi an n) NestLoop(pi an n ci) NestLoop(pi an n ci ml) NestLoop(pi an n ci ml it) NestLoop(pi an n ci ml it t) NestLoop(pi an n ci ml it t lt) Leading((((((((pi an) n) ci) ml) it) t) lt)) */
"['%z%', 'mini biography', 'features', 'f', 'm', '%Downey%Robert%', 'Volker Boehm']",1,median,114.96567726135254,680.8805465698242,0.6071057,50,/*+  SeqScan(pi) IndexScan(an person_id_aka_name) IndexScan(n name_pkey) IndexScan(ci person_id_cast_info) IndexScan(ml linked_movie_id_movie_link) IndexScan(it info_type_pkey) IndexScan(t title_pkey) IndexScan(lt link_type_pkey) NestLoop(pi an) NestLoop(pi an n) NestLoop(pi an n ci) NestLoop(pi an n ci ml) NestLoop(pi an n ci ml it) NestLoop(pi an n ci ml it t) NestLoop(pi an n ci ml it t lt) Leading((((((((pi an) n) ci) ml) it) t) lt)) */
"['%k%', 'mini biography', 'features', 'm', 'f', 'M%', 'Volker Boehm']",1,median,123.34322929382324,829.2827606201172,0.61148167,50,/*+  SeqScan(pi) IndexScan(an person_id_aka_name) IndexScan(n name_pkey) IndexScan(ci person_id_cast_info) IndexScan(ml linked_movie_id_movie_link) IndexScan(it info_type_pkey) IndexScan(t title_pkey) IndexScan(lt link_type_pkey) NestLoop(pi an) NestLoop(pi an n) NestLoop(pi an n ci) NestLoop(pi an n ci ml) NestLoop(pi an n ci ml it) NestLoop(pi an n ci ml it t) NestLoop(pi an n ci ml it t lt) Leading((((((((pi an) n) ci) ml) it) t) lt)) */
"['%y%', 'mini biography', 'features', 'm', 'f', '%Downey%Robert%', 'Volker Boehm']",2,median,121.26302719116211,910.3913307189941,0.6128562,50,/*+  SeqScan(pi) IndexScan(an person_id_aka_name) IndexScan(n name_pkey) IndexScan(ci person_id_cast_info) IndexScan(ml linked_movie_id_movie_link) IndexScan(it info_type_pkey) IndexScan(t title_pkey) IndexScan(lt link_type_pkey) NestLoop(pi an) NestLoop(pi an n) NestLoop(pi an n ci) NestLoop(pi an n ci ml) NestLoop(pi an n ci ml it) NestLoop(pi an n ci ml it t) NestLoop(pi an n ci ml it t lt) Leading((((((((pi an) n) ci) ml) it) t) lt)) */
"['J%', 'mini biography', 'features', 'f', 'm', '%Downey%Robert%', 'Volker Boehm']",1,median,113.16919326782227,662.0936393737793,0.6170018,50,/*+  SeqScan(pi) IndexScan(an person_id_aka_name) IndexScan(n name_pkey) IndexScan(ci person_id_cast_info) IndexScan(ml linked_movie_id_movie_link) IndexScan(it info_type_pkey) IndexScan(t title_pkey) IndexScan(lt link_type_pkey) NestLoop(pi an) NestLoop(pi an n) NestLoop(pi an n ci) NestLoop(pi an n ci ml) NestLoop(pi an n ci ml it) NestLoop(pi an n ci ml it t) NestLoop(pi an n ci ml it t lt) Leading((((((((pi an) n) ci) ml) it) t) lt)) */
"['T%', 'mini biography', 'features', 'f', 'm', '%Angel%', 'Volker Boehm']",1,median,113.5108470916748,673.2277870178223,0.61605585,50,/*+  SeqScan(pi) IndexScan(an person_id_aka_name) IndexScan(n name_pkey) IndexScan(ci person_id_cast_info) IndexScan(ml linked_movie_id_movie_link) IndexScan(it info_type_pkey) IndexScan(t title_pkey) IndexScan(lt link_type_pkey) NestLoop(pi an) NestLoop(pi an n) NestLoop(pi an n ci) NestLoop(pi an n ci ml) NestLoop(pi an n ci ml it) NestLoop(pi an n ci ml it t) NestLoop(pi an n ci ml it t lt) Leading((((((((pi an) n) ci) ml) it) t) lt)) */
"['A%', 'mini biography', 'features', 'f', 'm', 'C%', 'Volker Boehm']",1,median,135.67447662353516,667.7124500274658,0.6226911,50,/*+  SeqScan(pi) IndexScan(an person_id_aka_name) IndexScan(n name_pkey) IndexScan(ci person_id_cast_info) IndexScan(ml linked_movie_id_movie_link) IndexScan(it info_type_pkey) IndexScan(t title_pkey) IndexScan(lt link_type_pkey) NestLoop(pi an) NestLoop(pi an n) NestLoop(pi an n ci) NestLoop(pi an n ci ml) NestLoop(pi an n ci ml it) NestLoop(pi an n ci ml it t) NestLoop(pi an n ci ml it t lt) Leading((((((((pi an) n) ci) ml) it) t) lt)) */
"['B%', 'mini biography', 'features', 'f', 'm', 'X%', 'Volker Boehm']",1,median,116.75620079040527,700.1633644104004,0.61605585,50,/*+  SeqScan(pi) IndexScan(an person_id_aka_name) IndexScan(n name_pkey) IndexScan(ci person_id_cast_info) IndexScan(ml linked_movie_id_movie_link) IndexScan(it info_type_pkey) IndexScan(t title_pkey) IndexScan(lt link_type_pkey) NestLoop(pi an) NestLoop(pi an n) NestLoop(pi an n ci) NestLoop(pi an n ci ml) NestLoop(pi an n ci ml it) NestLoop(pi an n ci ml it t) NestLoop(pi an n ci ml it t lt) Leading((((((((pi an) n) ci) ml) it) t) lt)) */
"['B%', 'mini biography', 'features', 'm', 'f', '%S%', 'Volker Boehm']",1,median,115.41080474853516,731.2197685241699,0.617679,50,/*+  SeqScan(pi) IndexScan(an person_id_aka_name) IndexScan(n name_pkey) IndexScan(ci person_id_cast_info) IndexScan(ml linked_movie_id_movie_link) IndexScan(it info_type_pkey) IndexScan(t title_pkey) IndexScan(lt link_type_pkey) NestLoop(pi an) NestLoop(pi an n) NestLoop(pi an n ci) NestLoop(pi an n ci ml) NestLoop(pi an n ci ml it) NestLoop(pi an n ci ml it t) NestLoop(pi an n ci ml it t lt) Leading((((((((pi an) n) ci) ml) it) t) lt)) */
"['A%', 'mini biography', 'features', 'm', 'f', 'G%', 'Volker Boehm']",1,median,118.24417114257812,673.5913753509521,0.61971426,50,/*+  SeqScan(pi) IndexScan(an person_id_aka_name) IndexScan(n name_pkey) IndexScan(ci person_id_cast_info) IndexScan(ml linked_movie_id_movie_link) IndexScan(it info_type_pkey) IndexScan(t title_pkey) IndexScan(lt link_type_pkey) NestLoop(pi an) NestLoop(pi an n) NestLoop(pi an n ci) NestLoop(pi an n ci ml) NestLoop(pi an n ci ml it) NestLoop(pi an n ci ml it t) NestLoop(pi an n ci ml it t lt) Leading((((((((pi an) n) ci) ml) it) t) lt)) */
"['%w%', 'mini biography', 'features', 'm', 'f', '%Yo%', 'Volker Boehm']",2,median,115.42940139770508,744.0400123596191,0.61398596,50,/*+  SeqScan(pi) IndexScan(an person_id_aka_name) IndexScan(n name_pkey) IndexScan(ci person_id_cast_info) IndexScan(ml linked_movie_id_movie_link) IndexScan(it info_type_pkey) IndexScan(t title_pkey) IndexScan(lt link_type_pkey) NestLoop(pi an) NestLoop(pi an n) NestLoop(pi an n ci) NestLoop(pi an n ci ml) NestLoop(pi an n ci ml it) NestLoop(pi an n ci ml it t) NestLoop(pi an n ci ml it t lt) Leading((((((((pi an) n) ci) ml) it) t) lt)) */
"['%p%', 'mini biography', 'features', 'm', 'f', '%S%', 'Volker Boehm']",1,median,115.33808708190918,766.453742980957,0.62196517,50,/*+  SeqScan(pi) IndexScan(an person_id_aka_name) IndexScan(n name_pkey) IndexScan(ci person_id_cast_info) IndexScan(ml linked_movie_id_movie_link) IndexScan(it info_type_pkey) IndexScan(t title_pkey) IndexScan(lt link_type_pkey) NestLoop(pi an) NestLoop(pi an n) NestLoop(pi an n ci) NestLoop(pi an n ci ml) NestLoop(pi an n ci ml it) NestLoop(pi an n ci ml it t) NestLoop(pi an n ci ml it t lt) Leading((((((((pi an) n) ci) ml) it) t) lt)) */
"['D%', 'mini biography', 'features', 'f', 'm', '%Z%', 'Volker Boehm']",1,median,114.33553695678711,668.2019233703613,0.6060525,50,/*+  SeqScan(pi) IndexScan(an person_id_aka_name) IndexScan(n name_pkey) IndexScan(ci person_id_cast_info) IndexScan(ml linked_movie_id_movie_link) IndexScan(it info_type_pkey) IndexScan(t title_pkey) IndexScan(lt link_type_pkey) NestLoop(pi an) NestLoop(pi an n) NestLoop(pi an n ci) NestLoop(pi an n ci ml) NestLoop(pi an n ci ml it) NestLoop(pi an n ci ml it t) NestLoop(pi an n ci ml it t lt) Leading((((((((pi an) n) ci) ml) it) t) lt)) */
"['C%', 'mini biography', 'features', 'm', 'f', '%I%', 'Volker Boehm']",1,median,117.77949333190918,728.7945747375488,0.61428815,50,/*+  SeqScan(pi) IndexScan(an person_id_aka_name) IndexScan(n name_pkey) IndexScan(ci person_id_cast_info) IndexScan(ml linked_movie_id_movie_link) IndexScan(it info_type_pkey) IndexScan(t title_pkey) IndexScan(lt link_type_pkey) NestLoop(pi an) NestLoop(pi an n) NestLoop(pi an n ci) NestLoop(pi an n ci ml) NestLoop(pi an n ci ml it) NestLoop(pi an n ci ml it t) NestLoop(pi an n ci ml it t lt) Leading((((((((pi an) n) ci) ml) it) t) lt)) */
"['%i%', 'mini biography', 'features', 'm', 'f', 'M%', 'Volker Boehm']",1,median,125.37240982055664,1252.0380020141602,0.6244294,50,/*+  SeqScan(pi) IndexScan(an person_id_aka_name) IndexScan(n name_pkey) IndexScan(ci person_id_cast_info) IndexScan(ml linked_movie_id_movie_link) IndexScan(it info_type_pkey) IndexScan(t title_pkey) IndexScan(lt link_type_pkey) NestLoop(pi an) NestLoop(pi an n) NestLoop(pi an n ci) NestLoop(pi an n ci ml) NestLoop(pi an n ci ml it) NestLoop(pi an n ci ml it t) NestLoop(pi an n ci ml it t lt) Leading((((((((pi an) n) ci) ml) it) t) lt)) */
"['%a%', 'mini biography', 'features', 'm', 'f', '%G%', 'Volker Boehm']",1,median,129.4236183166504,3085.8852863311768,0.61594653,50,/*+  SeqScan(pi) IndexScan(an person_id_aka_name) IndexScan(n name_pkey) IndexScan(ci person_id_cast_info) IndexScan(ml linked_movie_id_movie_link) IndexScan(it info_type_pkey) IndexScan(t title_pkey) IndexScan(lt link_type_pkey) NestLoop(pi an) NestLoop(pi an n) NestLoop(pi an n ci) NestLoop(pi an n ci ml) NestLoop(pi an n ci ml it) NestLoop(pi an n ci ml it t) NestLoop(pi an n ci ml it t lt) Leading((((((((pi an) n) ci) ml) it) t) lt)) */
"['S%', 'mini biography', 'features', 'f', 'm', '%Bert%', 'Volker Boehm']",1,median,112.9913330078125,695.2946186065674,0.6063208,50,/*+  SeqScan(pi) IndexScan(an person_id_aka_name) IndexScan(n name_pkey) IndexScan(ci person_id_cast_info) IndexScan(ml linked_movie_id_movie_link) IndexScan(it info_type_pkey) IndexScan(t title_pkey) IndexScan(lt link_type_pkey) NestLoop(pi an) NestLoop(pi an n) NestLoop(pi an n ci) NestLoop(pi an n ci ml) NestLoop(pi an n ci ml it) NestLoop(pi an n ci ml it t) NestLoop(pi an n ci ml it t lt) Leading((((((((pi an) n) ci) ml) it) t) lt)) */
"['%g%', 'mini biography', 'features', 'm', 'f', 'T%', 'Volker Boehm']",1,median,117.64240264892578,825.3586292266846,0.60774255,50,/*+  SeqScan(pi) IndexScan(an person_id_aka_name) IndexScan(n name_pkey) IndexScan(ci person_id_cast_info) IndexScan(ml linked_movie_id_movie_link) IndexScan(it info_type_pkey) IndexScan(t title_pkey) IndexScan(lt link_type_pkey) NestLoop(pi an) NestLoop(pi an n) NestLoop(pi an n ci) NestLoop(pi an n ci ml) NestLoop(pi an n ci ml it) NestLoop(pi an n ci ml it t) NestLoop(pi an n ci ml it t lt) Leading((((((((pi an) n) ci) ml) it) t) lt)) */
"['%s%', 'mini biography', 'features', 'm', 'f', '%T%', 'Volker Boehm']",1,median,118.91865730285645,1061.7554187774658,0.61374086,50,/*+  SeqScan(pi) IndexScan(an person_id_aka_name) IndexScan(n name_pkey) IndexScan(ci person_id_cast_info) IndexScan(ml linked_movie_id_movie_link) IndexScan(it info_type_pkey) IndexScan(t title_pkey) IndexScan(lt link_type_pkey) NestLoop(pi an) NestLoop(pi an n) NestLoop(pi an n ci) NestLoop(pi an n ci ml) NestLoop(pi an n ci ml it) NestLoop(pi an n ci ml it t) NestLoop(pi an n ci ml it t lt) Leading((((((((pi an) n) ci) ml) it) t) lt)) */
"['%m%', 'mini biography', 'features', 'm', 'f', 'P%', 'Volker Boehm']",1,median,127.10165977478027,897.7220058441162,0.63493514,50,/*+  SeqScan(pi) IndexScan(an person_id_aka_name) IndexScan(n name_pkey) IndexScan(ci person_id_cast_info) IndexScan(ml linked_movie_id_movie_link) IndexScan(it info_type_pkey) IndexScan(t title_pkey) IndexScan(lt link_type_pkey) NestLoop(pi an) NestLoop(pi an n) NestLoop(pi an n ci) NestLoop(pi an n ci ml) NestLoop(pi an n ci ml it) NestLoop(pi an n ci ml it t) NestLoop(pi an n ci ml it t lt) Leading((((((((pi an) n) ci) ml) it) t) lt)) */
"['%s%', 'mini biography', 'features', 'f', 'm', '%F%', 'Volker Boehm']",1,median,124.2365837097168,902.9669761657715,0.6036084,50,/*+  SeqScan(pi) IndexScan(an person_id_aka_name) IndexScan(n name_pkey) IndexScan(ci person_id_cast_info) IndexScan(ml linked_movie_id_movie_link) IndexScan(it info_type_pkey) IndexScan(t title_pkey) IndexScan(lt link_type_pkey) NestLoop(pi an) NestLoop(pi an n) NestLoop(pi an n ci) NestLoop(pi an n ci ml) NestLoop(pi an n ci ml it) NestLoop(pi an n ci ml it t) NestLoop(pi an n ci ml it t lt) Leading((((((((pi an) n) ci) ml) it) t) lt)) */
"['B%', 'mini biography', 'features', 'f', 'm', 'I%', 'Volker Boehm']",1,median,116.64915084838867,696.9630718231201,0.6179593,50,/*+  SeqScan(pi) IndexScan(an person_id_aka_name) IndexScan(n name_pkey) IndexScan(ci person_id_cast_info) IndexScan(ml linked_movie_id_movie_link) IndexScan(it info_type_pkey) IndexScan(t title_pkey) IndexScan(lt link_type_pkey) NestLoop(pi an) NestLoop(pi an n) NestLoop(pi an n ci) NestLoop(pi an n ci ml) NestLoop(pi an n ci ml it) NestLoop(pi an n ci ml it t) NestLoop(pi an n ci ml it t lt) Leading((((((((pi an) n) ci) ml) it) t) lt)) */
"['%w%', 'mini biography', 'features', 'm', 'f', '%K%', 'Volker Boehm']",1,median,115.06986618041992,748.5027313232422,0.61154526,50,/*+  SeqScan(pi) IndexScan(an person_id_aka_name) IndexScan(n name_pkey) IndexScan(ci person_id_cast_info) IndexScan(ml linked_movie_id_movie_link) IndexScan(it info_type_pkey) IndexScan(t title_pkey) IndexScan(lt link_type_pkey) NestLoop(pi an) NestLoop(pi an n) NestLoop(pi an n ci) NestLoop(pi an n ci ml) NestLoop(pi an n ci ml it) NestLoop(pi an n ci ml it t) NestLoop(pi an n ci ml it t lt) Leading((((((((pi an) n) ci) ml) it) t) lt)) */
"['%v%', 'mini biography', 'features', 'm', 'f', 'Z%', 'Volker Boehm']",1,median,115.38267135620117,767.6784992218018,0.6258621,50,/*+  SeqScan(pi) IndexScan(an person_id_aka_name) IndexScan(n name_pkey) IndexScan(ci person_id_cast_info) IndexScan(ml linked_movie_id_movie_link) IndexScan(it info_type_pkey) IndexScan(t title_pkey) IndexScan(lt link_type_pkey) NestLoop(pi an) NestLoop(pi an n) NestLoop(pi an n ci) NestLoop(pi an n ci ml) NestLoop(pi an n ci ml it) NestLoop(pi an n ci ml it t) NestLoop(pi an n ci ml it t lt) Leading((((((((pi an) n) ci) ml) it) t) lt)) */
"['%g%', 'mini biography', 'features', 'f', 'm', '%Tim%', 'Volker Boehm']",1,median,114.08591270446777,725.4784107208252,0.61141264,50,/*+  SeqScan(pi) IndexScan(an person_id_aka_name) IndexScan(n name_pkey) IndexScan(ci person_id_cast_info) IndexScan(ml linked_movie_id_movie_link) IndexScan(it info_type_pkey) IndexScan(t title_pkey) IndexScan(lt link_type_pkey) NestLoop(pi an) NestLoop(pi an n) NestLoop(pi an n ci) NestLoop(pi an n ci ml) NestLoop(pi an n ci ml it) NestLoop(pi an n ci ml it t) NestLoop(pi an n ci ml it t lt) Leading((((((((pi an) n) ci) ml) it) t) lt)) */
"['%n%', 'mini biography', 'features', 'f', 'm', '%M%', 'Volker Boehm']",1,median,135.44034957885742,2440.9878253936768,0.623323,50,/*+  SeqScan(pi) IndexScan(an person_id_aka_name) IndexScan(n name_pkey) IndexScan(ci person_id_cast_info) IndexScan(ml linked_movie_id_movie_link) IndexScan(it info_type_pkey) IndexScan(t title_pkey) IndexScan(lt link_type_pkey) NestLoop(pi an) NestLoop(pi an n) NestLoop(pi an n ci) NestLoop(pi an n ci ml) NestLoop(pi an n ci ml it) NestLoop(pi an n ci ml it t) NestLoop(pi an n ci ml it t lt) Leading((((((((pi an) n) ci) ml) it) t) lt)) */
"['%m%', 'mini biography', 'features', 'f', 'm', '%F%', 'Volker Boehm']",1,median,121.03557586669922,791.1911010742188,0.61605585,50,/*+  SeqScan(pi) IndexScan(an person_id_aka_name) IndexScan(n name_pkey) IndexScan(ci person_id_cast_info) IndexScan(ml linked_movie_id_movie_link) IndexScan(it info_type_pkey) IndexScan(t title_pkey) IndexScan(lt link_type_pkey) NestLoop(pi an) NestLoop(pi an n) NestLoop(pi an n ci) NestLoop(pi an n ci ml) NestLoop(pi an n ci ml it) NestLoop(pi an n ci ml it t) NestLoop(pi an n ci ml it t lt) Leading((((((((pi an) n) ci) ml) it) t) lt)) */
"['%x%', 'mini biography', 'features', 'm', 'f', 'S%', 'Volker Boehm']",1,median,115.76533317565918,660.4499816894531,0.6244294,50,/*+  SeqScan(pi) IndexScan(an person_id_aka_name) IndexScan(n name_pkey) IndexScan(ci person_id_cast_info) IndexScan(ml linked_movie_id_movie_link) IndexScan(it info_type_pkey) IndexScan(t title_pkey) IndexScan(lt link_type_pkey) NestLoop(pi an) NestLoop(pi an n) NestLoop(pi an n ci) NestLoop(pi an n ci ml) NestLoop(pi an n ci ml it) NestLoop(pi an n ci ml it t) NestLoop(pi an n ci ml it t lt) Leading((((((((pi an) n) ci) ml) it) t) lt)) */
"['V%', 'mini biography', 'features', 'f', 'm', 'B%', 'Volker Boehm']",2,median,115.30470848083496,642.9297924041748,0.61605585,50,/*+  SeqScan(pi) IndexScan(an person_id_aka_name) IndexScan(n name_pkey) IndexScan(ci person_id_cast_info) IndexScan(ml linked_movie_id_movie_link) IndexScan(it info_type_pkey) IndexScan(t title_pkey) IndexScan(lt link_type_pkey) NestLoop(pi an) NestLoop(pi an n) NestLoop(pi an n ci) NestLoop(pi an n ci ml) NestLoop(pi an n ci ml it) NestLoop(pi an n ci ml it t) NestLoop(pi an n ci ml it t lt) Leading((((((((pi an) n) ci) ml) it) t) lt)) */
"['R%', 'mini biography', 'features', 'f', 'm', '%Downey%Robert%', 'Volker Boehm']",1,median,114.89748954772949,663.2521152496338,0.62031966,50,/*+  SeqScan(pi) IndexScan(an person_id_aka_name) IndexScan(n name_pkey) IndexScan(ci person_id_cast_info) IndexScan(ml linked_movie_id_movie_link) IndexScan(it info_type_pkey) IndexScan(t title_pkey) IndexScan(lt link_type_pkey) NestLoop(pi an) NestLoop(pi an n) NestLoop(pi an n ci) NestLoop(pi an n ci ml) NestLoop(pi an n ci ml it) NestLoop(pi an n ci ml it t) NestLoop(pi an n ci ml it t lt) Leading((((((((pi an) n) ci) ml) it) t) lt)) */
"['M%', 'mini biography', 'features', 'f', 'm', 'D%', 'Volker Boehm']",1,median,129.09436225891113,697.8981494903564,0.621345,50,/*+  SeqScan(pi) IndexScan(an person_id_aka_name) IndexScan(n name_pkey) IndexScan(ci person_id_cast_info) IndexScan(ml linked_movie_id_movie_link) IndexScan(it info_type_pkey) IndexScan(t title_pkey) IndexScan(lt link_type_pkey) NestLoop(pi an) NestLoop(pi an n) NestLoop(pi an n ci) NestLoop(pi an n ci ml) NestLoop(pi an n ci ml it) NestLoop(pi an n ci ml it t) NestLoop(pi an n ci ml it t lt) Leading((((((((pi an) n) ci) ml) it) t) lt)) */
"['W%', 'mini biography', 'features', 'f', 'm', '%Z%', 'Volker Boehm']",1,median,116.48058891296387,668.1780815124512,0.61928314,50,/*+  SeqScan(pi) IndexScan(an person_id_aka_name) IndexScan(n name_pkey) IndexScan(ci person_id_cast_info) IndexScan(ml linked_movie_id_movie_link) IndexScan(it info_type_pkey) IndexScan(t title_pkey) IndexScan(lt link_type_pkey) NestLoop(pi an) NestLoop(pi an n) NestLoop(pi an n ci) NestLoop(pi an n ci ml) NestLoop(pi an n ci ml it) NestLoop(pi an n ci ml it t) NestLoop(pi an n ci ml it t lt) Leading((((((((pi an) n) ci) ml) it) t) lt)) */
"['%v%', 'mini biography', 'features', 'm', 'f', '%Downey%Robert%', 'Volker Boehm']",1,median,116.3637638092041,763.6263370513916,0.6145992,50,/*+  SeqScan(pi) IndexScan(an person_id_aka_name) IndexScan(n name_pkey) IndexScan(ci person_id_cast_info) IndexScan(ml linked_movie_id_movie_link) IndexScan(it info_type_pkey) IndexScan(t title_pkey) IndexScan(lt link_type_pkey) NestLoop(pi an) NestLoop(pi an n) NestLoop(pi an n ci) NestLoop(pi an n ci ml) NestLoop(pi an n ci ml it) NestLoop(pi an n ci ml it t) NestLoop(pi an n ci ml it t lt) Leading((((((((pi an) n) ci) ml) it) t) lt)) */
"['%t%', 'mini biography', 'features', 'f', 'm', 'F%', 'Volker Boehm']",1,median,118.70312690734863,877.0167827606201,0.6109361,50,/*+  SeqScan(pi) IndexScan(an person_id_aka_name) IndexScan(n name_pkey) IndexScan(ci person_id_cast_info) IndexScan(ml linked_movie_id_movie_link) IndexScan(it info_type_pkey) IndexScan(t title_pkey) IndexScan(lt link_type_pkey) NestLoop(pi an) NestLoop(pi an n) NestLoop(pi an n ci) NestLoop(pi an n ci ml) NestLoop(pi an n ci ml it) NestLoop(pi an n ci ml it t) NestLoop(pi an n ci ml it t lt) Leading((((((((pi an) n) ci) ml) it) t) lt)) */
"['M%', 'mini biography', 'features', 'm', 'f', 'T%', 'Volker Boehm']",1,median,115.0507926940918,725.1906394958496,0.6244294,50,/*+  SeqScan(pi) IndexScan(an person_id_aka_name) IndexScan(n name_pkey) IndexScan(ci person_id_cast_info) IndexScan(ml linked_movie_id_movie_link) IndexScan(it info_type_pkey) IndexScan(t title_pkey) IndexScan(lt link_type_pkey) NestLoop(pi an) NestLoop(pi an n) NestLoop(pi an n ci) NestLoop(pi an n ci ml) NestLoop(pi an n ci ml it) NestLoop(pi an n ci ml it t) NestLoop(pi an n ci ml it t lt) Leading((((((((pi an) n) ci) ml) it) t) lt)) */
"['T%', 'mini biography', 'features', 'f', 'm', '%Downey%Robert%', 'Volker Boehm']",1,median,116.01972579956055,683.1231117248535,0.6170018,50,/*+  SeqScan(pi) IndexScan(an person_id_aka_name) IndexScan(n name_pkey) IndexScan(ci person_id_cast_info) IndexScan(ml linked_movie_id_movie_link) IndexScan(it info_type_pkey) IndexScan(t title_pkey) IndexScan(lt link_type_pkey) NestLoop(pi an) NestLoop(pi an n) NestLoop(pi an n ci) NestLoop(pi an n ci ml) NestLoop(pi an n ci ml it) NestLoop(pi an n ci ml it t) NestLoop(pi an n ci ml it t lt) Leading((((((((pi an) n) ci) ml) it) t) lt)) */
"['B%', 'mini biography', 'features', 'm', 'f', '%M%', 'Volker Boehm']",1,median,116.28532409667969,730.5796146392822,0.62775594,50,/*+  SeqScan(pi) IndexScan(an person_id_aka_name) IndexScan(n name_pkey) IndexScan(ci person_id_cast_info) IndexScan(ml linked_movie_id_movie_link) IndexScan(it info_type_pkey) IndexScan(t title_pkey) IndexScan(lt link_type_pkey) NestLoop(pi an) NestLoop(pi an n) NestLoop(pi an n ci) NestLoop(pi an n ci ml) NestLoop(pi an n ci ml it) NestLoop(pi an n ci ml it t) NestLoop(pi an n ci ml it t lt) Leading((((((((pi an) n) ci) ml) it) t) lt)) */
"['C%', 'mini biography', 'features', 'm', 'f', '%B%', 'Volker Boehm']",1,median,115.78059196472168,732.4082851409912,0.62408906,50,/*+  SeqScan(pi) IndexScan(an person_id_aka_name) IndexScan(n name_pkey) IndexScan(ci person_id_cast_info) IndexScan(ml linked_movie_id_movie_link) IndexScan(it info_type_pkey) IndexScan(t title_pkey) IndexScan(lt link_type_pkey) NestLoop(pi an) NestLoop(pi an n) NestLoop(pi an n ci) NestLoop(pi an n ci ml) NestLoop(pi an n ci ml it) NestLoop(pi an n ci ml it t) NestLoop(pi an n ci ml it t lt) Leading((((((((pi an) n) ci) ml) it) t) lt)) */
"['%a%', 'mini biography', 'features', 'f', 'm', 'A%', 'Volker Boehm']",1,median,132.63702392578125,2218.0209159851074,0.6107226,50,/*+  SeqScan(pi) IndexScan(an person_id_aka_name) IndexScan(n name_pkey) IndexScan(ci person_id_cast_info) IndexScan(ml linked_movie_id_movie_link) IndexScan(it info_type_pkey) IndexScan(t title_pkey) IndexScan(lt link_type_pkey) NestLoop(pi an) NestLoop(pi an n) NestLoop(pi an n ci) NestLoop(pi an n ci ml) NestLoop(pi an n ci ml it) NestLoop(pi an n ci ml it t) NestLoop(pi an n ci ml it t lt) Leading((((((((pi an) n) ci) ml) it) t) lt)) */
"['R%', 'mini biography', 'features', 'm', 'f', 'Z%', 'Volker Boehm']",1,median,115.12875556945801,682.5511455535889,0.6206842,50,/*+  SeqScan(pi) IndexScan(an person_id_aka_name) IndexScan(n name_pkey) IndexScan(ci person_id_cast_info) IndexScan(ml linked_movie_id_movie_link) IndexScan(it info_type_pkey) IndexScan(t title_pkey) IndexScan(lt link_type_pkey) NestLoop(pi an) NestLoop(pi an n) NestLoop(pi an n ci) NestLoop(pi an n ci ml) NestLoop(pi an n ci ml it) NestLoop(pi an n ci ml it t) NestLoop(pi an n ci ml it t lt) Leading((((((((pi an) n) ci) ml) it) t) lt)) */
"['C%', 'mini biography', 'features', 'm', 'f', 'B%', 'Volker Boehm']",1,median,114.11857604980469,737.2374534606934,0.6140706,50,/*+  SeqScan(pi) IndexScan(an person_id_aka_name) IndexScan(n name_pkey) IndexScan(ci person_id_cast_info) IndexScan(ml linked_movie_id_movie_link) IndexScan(it info_type_pkey) IndexScan(t title_pkey) IndexScan(lt link_type_pkey) NestLoop(pi an) NestLoop(pi an n) NestLoop(pi an n ci) NestLoop(pi an n ci ml) NestLoop(pi an n ci ml it) NestLoop(pi an n ci ml it t) NestLoop(pi an n ci ml it t lt) Leading((((((((pi an) n) ci) ml) it) t) lt)) */
"['%a%', 'mini biography', 'features', 'f', 'm', 'B%', 'Volker Boehm']",1,median,127.6102066040039,2294.1958904266357,0.6107226,50,/*+  SeqScan(pi) IndexScan(an person_id_aka_name) IndexScan(n name_pkey) IndexScan(ci person_id_cast_info) IndexScan(ml linked_movie_id_movie_link) IndexScan(it info_type_pkey) IndexScan(t title_pkey) IndexScan(lt link_type_pkey) NestLoop(pi an) NestLoop(pi an n) NestLoop(pi an n ci) NestLoop(pi an n ci ml) NestLoop(pi an n ci ml it) NestLoop(pi an n ci ml it t) NestLoop(pi an n ci ml it t lt) Leading((((((((pi an) n) ci) ml) it) t) lt)) */
"['%g%', 'mini biography', 'features', 'f', 'm', '%C%', 'Volker Boehm']",1,median,114.9601936340332,755.495548248291,0.5967484,50,/*+  SeqScan(pi) IndexScan(an person_id_aka_name) IndexScan(n name_pkey) IndexScan(ci person_id_cast_info) IndexScan(ml linked_movie_id_movie_link) IndexScan(it info_type_pkey) IndexScan(t title_pkey) IndexScan(lt link_type_pkey) NestLoop(pi an) NestLoop(pi an n) NestLoop(pi an n ci) NestLoop(pi an n ci ml) NestLoop(pi an n ci ml it) NestLoop(pi an n ci ml it t) NestLoop(pi an n ci ml it t lt) Leading((((((((pi an) n) ci) ml) it) t) lt)) */
"['%f%', 'mini biography', 'features', 'f', 'm', '%B%', 'Volker Boehm']",1,median,118.24917793273926,698.8365650177002,0.625339,50,/*+  SeqScan(pi) IndexScan(an person_id_aka_name) IndexScan(n name_pkey) IndexScan(ci person_id_cast_info) IndexScan(ml linked_movie_id_movie_link) IndexScan(it info_type_pkey) IndexScan(t title_pkey) IndexScan(lt link_type_pkey) NestLoop(pi an) NestLoop(pi an n) NestLoop(pi an n ci) NestLoop(pi an n ci ml) NestLoop(pi an n ci ml it) NestLoop(pi an n ci ml it t) NestLoop(pi an n ci ml it t lt) Leading((((((((pi an) n) ci) ml) it) t) lt)) */
"['M%', 'mini biography', 'features', 'f', 'm', 'X%', 'Volker Boehm']",1,median,131.65760040283203,698.5809803009033,0.61605585,50,/*+  SeqScan(pi) IndexScan(an person_id_aka_name) IndexScan(n name_pkey) IndexScan(ci person_id_cast_info) IndexScan(ml linked_movie_id_movie_link) IndexScan(it info_type_pkey) IndexScan(t title_pkey) IndexScan(lt link_type_pkey) NestLoop(pi an) NestLoop(pi an n) NestLoop(pi an n ci) NestLoop(pi an n ci ml) NestLoop(pi an n ci ml it) NestLoop(pi an n ci ml it t) NestLoop(pi an n ci ml it t lt) Leading((((((((pi an) n) ci) ml) it) t) lt)) */
"['I%', 'mini biography', 'features', 'f', 'm', '%M%', 'Volker Boehm']",1,median,145.8413600921631,644.9921131134033,0.61757,50,/*+  SeqScan(pi) IndexScan(an person_id_aka_name) IndexScan(n name_pkey) IndexScan(ci person_id_cast_info) IndexScan(ml linked_movie_id_movie_link) IndexScan(it info_type_pkey) IndexScan(t title_pkey) IndexScan(lt link_type_pkey) NestLoop(pi an) NestLoop(pi an n) NestLoop(pi an n ci) NestLoop(pi an n ci ml) NestLoop(pi an n ci ml it) NestLoop(pi an n ci ml it t) NestLoop(pi an n ci ml it t lt) Leading((((((((pi an) n) ci) ml) it) t) lt)) */
"['%a%', 'mini biography', 'features', 'm', 'f', '%A%', 'Volker Boehm']",1,median,138.12255859375,3085.5050086975098,0.61745226,50,/*+  SeqScan(pi) IndexScan(an person_id_aka_name) IndexScan(n name_pkey) IndexScan(ci person_id_cast_info) IndexScan(ml linked_movie_id_movie_link) IndexScan(it info_type_pkey) IndexScan(t title_pkey) IndexScan(lt link_type_pkey) NestLoop(pi an) NestLoop(pi an n) NestLoop(pi an n ci) NestLoop(pi an n ci ml) NestLoop(pi an n ci ml it) NestLoop(pi an n ci ml it t) NestLoop(pi an n ci ml it t lt) Leading((((((((pi an) n) ci) ml) it) t) lt)) */
"['%z%', 'mini biography', 'features', 'f', 'm', '%Ang%', 'Volker Boehm']",1,median,114.94231224060059,686.2149238586426,0.60598457,50,/*+  SeqScan(pi) IndexScan(an person_id_aka_name) IndexScan(n name_pkey) IndexScan(ci person_id_cast_info) IndexScan(ml linked_movie_id_movie_link) IndexScan(it info_type_pkey) IndexScan(t title_pkey) IndexScan(lt link_type_pkey) NestLoop(pi an) NestLoop(pi an n) NestLoop(pi an n ci) NestLoop(pi an n ci ml) NestLoop(pi an n ci ml it) NestLoop(pi an n ci ml it t) NestLoop(pi an n ci ml it t lt) Leading((((((((pi an) n) ci) ml) it) t) lt)) */
"['%r%', 'mini biography', 'features', 'f', 'm', '%E%', 'Volker Boehm']",1,median,137.67647743225098,1040.245532989502,0.6158791,50,/*+  SeqScan(pi) IndexScan(an person_id_aka_name) IndexScan(n name_pkey) IndexScan(ci person_id_cast_info) IndexScan(ml linked_movie_id_movie_link) IndexScan(it info_type_pkey) IndexScan(t title_pkey) IndexScan(lt link_type_pkey) NestLoop(pi an) NestLoop(pi an n) NestLoop(pi an n ci) NestLoop(pi an n ci ml) NestLoop(pi an n ci ml it) NestLoop(pi an n ci ml it t) NestLoop(pi an n ci ml it t lt) Leading((((((((pi an) n) ci) ml) it) t) lt)) */
"['%c%', 'mini biography', 'features', 'm', 'f', '%J%', 'Volker Boehm']",2,median,124.17769432067871,944.983720779419,0.621929,50,/*+  SeqScan(pi) IndexScan(an person_id_aka_name) IndexScan(n name_pkey) IndexScan(ci person_id_cast_info) IndexScan(ml linked_movie_id_movie_link) IndexScan(it info_type_pkey) IndexScan(t title_pkey) IndexScan(lt link_type_pkey) NestLoop(pi an) NestLoop(pi an n) NestLoop(pi an n ci) NestLoop(pi an n ci ml) NestLoop(pi an n ci ml it) NestLoop(pi an n ci ml it t) NestLoop(pi an n ci ml it t lt) Leading((((((((pi an) n) ci) ml) it) t) lt)) */
"['%b%', 'mini biography', 'features', 'm', 'f', '%X%', 'Volker Boehm']",1,median,117.46644973754883,779.1845798492432,0.6309642,50,/*+  SeqScan(pi) IndexScan(an person_id_aka_name) IndexScan(n name_pkey) IndexScan(ci person_id_cast_info) IndexScan(ml linked_movie_id_movie_link) IndexScan(it info_type_pkey) IndexScan(t title_pkey) IndexScan(lt link_type_pkey) NestLoop(pi an) NestLoop(pi an n) NestLoop(pi an n ci) NestLoop(pi an n ci ml) NestLoop(pi an n ci ml it) NestLoop(pi an n ci ml it t) NestLoop(pi an n ci ml it t lt) Leading((((((((pi an) n) ci) ml) it) t) lt)) */
"['%w%', 'mini biography', 'features', 'f', 'm', 'Y%', 'Volker Boehm']",1,median,115.8289909362793,691.598653793335,0.6054064,50,/*+  SeqScan(pi) IndexScan(an person_id_aka_name) IndexScan(n name_pkey) IndexScan(ci person_id_cast_info) IndexScan(ml linked_movie_id_movie_link) IndexScan(it info_type_pkey) IndexScan(t title_pkey) IndexScan(lt link_type_pkey) NestLoop(pi an) NestLoop(pi an n) NestLoop(pi an n ci) NestLoop(pi an n ci ml) NestLoop(pi an n ci ml it) NestLoop(pi an n ci ml it t) NestLoop(pi an n ci ml it t lt) Leading((((((((pi an) n) ci) ml) it) t) lt)) */
"['%n%', 'mini biography', 'features', 'f', 'm', '%D%', 'Volker Boehm']",1,median,121.42610549926758,2369.5456981658936,0.6260538,50,/*+  SeqScan(pi) IndexScan(an person_id_aka_name) IndexScan(n name_pkey) IndexScan(ci person_id_cast_info) IndexScan(ml linked_movie_id_movie_link) IndexScan(it info_type_pkey) IndexScan(t title_pkey) IndexScan(lt link_type_pkey) NestLoop(pi an) NestLoop(pi an n) NestLoop(pi an n ci) NestLoop(pi an n ci ml) NestLoop(pi an n ci ml it) NestLoop(pi an n ci ml it t) NestLoop(pi an n ci ml it t lt) Leading((((((((pi an) n) ci) ml) it) t) lt)) */
"['%o%', 'mini biography', 'features', 'f', 'm', 'K%', 'Volker Boehm']",1,median,129.32443618774414,2199.6185779571533,0.60808057,50,/*+  SeqScan(pi) IndexScan(an person_id_aka_name) IndexScan(n name_pkey) IndexScan(ci person_id_cast_info) IndexScan(ml linked_movie_id_movie_link) IndexScan(it info_type_pkey) IndexScan(t title_pkey) IndexScan(lt link_type_pkey) NestLoop(pi an) NestLoop(pi an n) NestLoop(pi an n ci) NestLoop(pi an n ci ml) NestLoop(pi an n ci ml it) NestLoop(pi an n ci ml it t) NestLoop(pi an n ci ml it t lt) Leading((((((((pi an) n) ci) ml) it) t) lt)) */
"['J%', 'mini biography', 'features', 'm', 'f', '%Bert%', 'Volker Boehm']",2,median,114.39132690429688,686.3248348236084,0.6244294,50,/*+  SeqScan(pi) IndexScan(an person_id_aka_name) IndexScan(n name_pkey) IndexScan(ci person_id_cast_info) IndexScan(ml linked_movie_id_movie_link) IndexScan(it info_type_pkey) IndexScan(t title_pkey) IndexScan(lt link_type_pkey) NestLoop(pi an) NestLoop(pi an n) NestLoop(pi an n ci) NestLoop(pi an n ci ml) NestLoop(pi an n ci ml it) NestLoop(pi an n ci ml it t) NestLoop(pi an n ci ml it t lt) Leading((((((((pi an) n) ci) ml) it) t) lt)) */
"['W%', 'mini biography', 'features', 'f', 'm', '%H%', 'Volker Boehm']",1,median,116.52731895446777,667.5159931182861,0.61605585,50,/*+  SeqScan(pi) IndexScan(an person_id_aka_name) IndexScan(n name_pkey) IndexScan(ci person_id_cast_info) IndexScan(ml linked_movie_id_movie_link) IndexScan(it info_type_pkey) IndexScan(t title_pkey) IndexScan(lt link_type_pkey) NestLoop(pi an) NestLoop(pi an n) NestLoop(pi an n ci) NestLoop(pi an n ci ml) NestLoop(pi an n ci ml it) NestLoop(pi an n ci ml it t) NestLoop(pi an n ci ml it t lt) Leading((((((((pi an) n) ci) ml) it) t) lt)) */
"['%x%', 'mini biography', 'features', 'm', 'f', '%E%', 'Volker Boehm']",1,median,113.22140693664551,656.5372943878174,0.63188356,50,/*+  SeqScan(pi) IndexScan(an person_id_aka_name) IndexScan(n name_pkey) IndexScan(ci person_id_cast_info) IndexScan(ml linked_movie_id_movie_link) IndexScan(it info_type_pkey) IndexScan(t title_pkey) IndexScan(lt link_type_pkey) NestLoop(pi an) NestLoop(pi an n) NestLoop(pi an n ci) NestLoop(pi an n ci ml) NestLoop(pi an n ci ml it) NestLoop(pi an n ci ml it t) NestLoop(pi an n ci ml it t lt) Leading((((((((pi an) n) ci) ml) it) t) lt)) */
"['%k%', 'mini biography', 'features', 'm', 'f', '%D%', 'Volker Boehm']",1,median,122.05910682678223,831.0379981994629,0.6243853,50,/*+  SeqScan(pi) IndexScan(an person_id_aka_name) IndexScan(n name_pkey) IndexScan(ci person_id_cast_info) IndexScan(ml linked_movie_id_movie_link) IndexScan(it info_type_pkey) IndexScan(t title_pkey) IndexScan(lt link_type_pkey) NestLoop(pi an) NestLoop(pi an n) NestLoop(pi an n ci) NestLoop(pi an n ci ml) NestLoop(pi an n ci ml it) NestLoop(pi an n ci ml it t) NestLoop(pi an n ci ml it t lt) Leading((((((((pi an) n) ci) ml) it) t) lt)) */
"['D%', 'mini biography', 'features', 'm', 'f', 'E%', 'Volker Boehm']",1,median,116.14799499511719,686.3369941711426,0.618813,50,/*+  SeqScan(pi) IndexScan(an person_id_aka_name) IndexScan(n name_pkey) IndexScan(ci person_id_cast_info) IndexScan(ml linked_movie_id_movie_link) IndexScan(it info_type_pkey) IndexScan(t title_pkey) IndexScan(lt link_type_pkey) NestLoop(pi an) NestLoop(pi an n) NestLoop(pi an n ci) NestLoop(pi an n ci ml) NestLoop(pi an n ci ml it) NestLoop(pi an n ci ml it t) NestLoop(pi an n ci ml it t lt) Leading((((((((pi an) n) ci) ml) it) t) lt)) */
"['%m%', 'mini biography', 'features', 'f', 'm', 'E%', 'Volker Boehm']",1,median,124.81975555419922,783.8313579559326,0.6231797,50,/*+  SeqScan(pi) IndexScan(an person_id_aka_name) IndexScan(n name_pkey) IndexScan(ci person_id_cast_info) IndexScan(ml linked_movie_id_movie_link) IndexScan(it info_type_pkey) IndexScan(t title_pkey) IndexScan(lt link_type_pkey) NestLoop(pi an) NestLoop(pi an n) NestLoop(pi an n ci) NestLoop(pi an n ci ml) NestLoop(pi an n ci ml it) NestLoop(pi an n ci ml it t) NestLoop(pi an n ci ml it t lt) Leading((((((((pi an) n) ci) ml) it) t) lt)) */
"['%u%', 'mini biography', 'features', 'm', 'f', 'V%', 'Volker Boehm']",1,median,116.46246910095215,899.432897567749,0.61130077,50,/*+  SeqScan(pi) IndexScan(an person_id_aka_name) IndexScan(n name_pkey) IndexScan(ci person_id_cast_info) IndexScan(ml linked_movie_id_movie_link) IndexScan(it info_type_pkey) IndexScan(t title_pkey) IndexScan(lt link_type_pkey) NestLoop(pi an) NestLoop(pi an n) NestLoop(pi an n ci) NestLoop(pi an n ci ml) NestLoop(pi an n ci ml it) NestLoop(pi an n ci ml it t) NestLoop(pi an n ci ml it t lt) Leading((((((((pi an) n) ci) ml) it) t) lt)) */
"['M%', 'mini biography', 'features', 'm', 'f', 'V%', 'Volker Boehm']",1,median,115.20957946777344,725.4128456115723,0.6244294,50,/*+  SeqScan(pi) IndexScan(an person_id_aka_name) IndexScan(n name_pkey) IndexScan(ci person_id_cast_info) IndexScan(ml linked_movie_id_movie_link) IndexScan(it info_type_pkey) IndexScan(t title_pkey) IndexScan(lt link_type_pkey) NestLoop(pi an) NestLoop(pi an n) NestLoop(pi an n ci) NestLoop(pi an n ci ml) NestLoop(pi an n ci ml it) NestLoop(pi an n ci ml it t) NestLoop(pi an n ci ml it t lt) Leading((((((((pi an) n) ci) ml) it) t) lt)) */
"['%s%', 'mini biography', 'features', 'm', 'f', 'I%', 'Volker Boehm']",1,median,118.48592758178711,1045.3555583953857,0.61270154,50,/*+  SeqScan(pi) IndexScan(an person_id_aka_name) IndexScan(n name_pkey) IndexScan(ci person_id_cast_info) IndexScan(ml linked_movie_id_movie_link) IndexScan(it info_type_pkey) IndexScan(t title_pkey) IndexScan(lt link_type_pkey) NestLoop(pi an) NestLoop(pi an n) NestLoop(pi an n ci) NestLoop(pi an n ci ml) NestLoop(pi an n ci ml it) NestLoop(pi an n ci ml it t) NestLoop(pi an n ci ml it t lt) Leading((((((((pi an) n) ci) ml) it) t) lt)) */
"['%t%', 'mini biography', 'features', 'm', 'f', '%F%', 'Volker Boehm']",1,median,125.29540061950684,1054.7778606414795,0.6080078,50,/*+  SeqScan(pi) IndexScan(an person_id_aka_name) IndexScan(n name_pkey) IndexScan(ci person_id_cast_info) IndexScan(ml linked_movie_id_movie_link) IndexScan(it info_type_pkey) IndexScan(t title_pkey) IndexScan(lt link_type_pkey) NestLoop(pi an) NestLoop(pi an n) NestLoop(pi an n ci) NestLoop(pi an n ci ml) NestLoop(pi an n ci ml it) NestLoop(pi an n ci ml it t) NestLoop(pi an n ci ml it t lt) Leading((((((((pi an) n) ci) ml) it) t) lt)) */
"['N%', 'mini biography', 'features', 'm', 'f', 'H%', 'Volker Boehm']",1,median,117.72465705871582,656.5051078796387,0.61307204,50,/*+  SeqScan(pi) IndexScan(an person_id_aka_name) IndexScan(n name_pkey) IndexScan(ci person_id_cast_info) IndexScan(ml linked_movie_id_movie_link) IndexScan(it info_type_pkey) IndexScan(t title_pkey) IndexScan(lt link_type_pkey) NestLoop(pi an) NestLoop(pi an n) NestLoop(pi an n ci) NestLoop(pi an n ci ml) NestLoop(pi an n ci ml it) NestLoop(pi an n ci ml it t) NestLoop(pi an n ci ml it t lt) Leading((((((((pi an) n) ci) ml) it) t) lt)) */
"['B%', 'mini biography', 'features', 'm', 'f', '%Downey%Robert%', 'Volker Boehm']",2,median,114.65644836425781,719.1791534423828,0.6145992,50,/*+  SeqScan(pi) IndexScan(an person_id_aka_name) IndexScan(n name_pkey) IndexScan(ci person_id_cast_info) IndexScan(ml linked_movie_id_movie_link) IndexScan(it info_type_pkey) IndexScan(t title_pkey) IndexScan(lt link_type_pkey) NestLoop(pi an) NestLoop(pi an n) NestLoop(pi an n ci) NestLoop(pi an n ci ml) NestLoop(pi an n ci ml it) NestLoop(pi an n ci ml it t) NestLoop(pi an n ci ml it t lt) Leading((((((((pi an) n) ci) ml) it) t) lt)) */
"['A%', 'mini biography', 'features', 'm', 'f', '%C%', 'Volker Boehm']",2,median,115.29397964477539,670.297384262085,0.63001347,50,/*+  SeqScan(pi) IndexScan(an person_id_aka_name) IndexScan(n name_pkey) IndexScan(ci person_id_cast_info) IndexScan(ml linked_movie_id_movie_link) IndexScan(it info_type_pkey) IndexScan(t title_pkey) IndexScan(lt link_type_pkey) NestLoop(pi an) NestLoop(pi an n) NestLoop(pi an n ci) NestLoop(pi an n ci ml) NestLoop(pi an n ci ml it) NestLoop(pi an n ci ml it t) NestLoop(pi an n ci ml it t lt) Leading((((((((pi an) n) ci) ml) it) t) lt)) */
"['%v%', 'mini biography', 'features', 'f', 'm', 'M%', 'Volker Boehm']",1,median,113.10291290283203,702.5043964385986,0.61605585,50,/*+  SeqScan(pi) IndexScan(an person_id_aka_name) IndexScan(n name_pkey) IndexScan(ci person_id_cast_info) IndexScan(ml linked_movie_id_movie_link) IndexScan(it info_type_pkey) IndexScan(t title_pkey) IndexScan(lt link_type_pkey) NestLoop(pi an) NestLoop(pi an n) NestLoop(pi an n ci) NestLoop(pi an n ci ml) NestLoop(pi an n ci ml it) NestLoop(pi an n ci ml it t) NestLoop(pi an n ci ml it t lt) Leading((((((((pi an) n) ci) ml) it) t) lt)) */
"['%t%', 'mini biography', 'features', 'm', 'f', 'X%', 'Volker Boehm']",1,median,127.79951095581055,1058.091163635254,0.6080078,50,/*+  SeqScan(pi) IndexScan(an person_id_aka_name) IndexScan(n name_pkey) IndexScan(ci person_id_cast_info) IndexScan(ml linked_movie_id_movie_link) IndexScan(it info_type_pkey) IndexScan(t title_pkey) IndexScan(lt link_type_pkey) NestLoop(pi an) NestLoop(pi an n) NestLoop(pi an n ci) NestLoop(pi an n ci ml) NestLoop(pi an n ci ml it) NestLoop(pi an n ci ml it t) NestLoop(pi an n ci ml it t lt) Leading((((((((pi an) n) ci) ml) it) t) lt)) */
"['A%', 'mini biography', 'features', 'f', 'm', 'K%', 'Volker Boehm']",1,median,126.95145606994629,665.6832695007324,0.61605585,50,/*+  SeqScan(pi) IndexScan(an person_id_aka_name) IndexScan(n name_pkey) IndexScan(ci person_id_cast_info) IndexScan(ml linked_movie_id_movie_link) IndexScan(it info_type_pkey) IndexScan(t title_pkey) IndexScan(lt link_type_pkey) NestLoop(pi an) NestLoop(pi an n) NestLoop(pi an n ci) NestLoop(pi an n ci ml) NestLoop(pi an n ci ml it) NestLoop(pi an n ci ml it t) NestLoop(pi an n ci ml it t lt) Leading((((((((pi an) n) ci) ml) it) t) lt)) */
"['D%', 'mini biography', 'features', 'm', 'f', '%Tim%', 'Volker Boehm']",1,median,126.64151191711426,698.7547874450684,0.6148128,50,/*+  SeqScan(pi) IndexScan(an person_id_aka_name) IndexScan(n name_pkey) IndexScan(ci person_id_cast_info) IndexScan(ml linked_movie_id_movie_link) IndexScan(it info_type_pkey) IndexScan(t title_pkey) IndexScan(lt link_type_pkey) NestLoop(pi an) NestLoop(pi an n) NestLoop(pi an n ci) NestLoop(pi an n ci ml) NestLoop(pi an n ci ml it) NestLoop(pi an n ci ml it t) NestLoop(pi an n ci ml it t lt) Leading((((((((pi an) n) ci) ml) it) t) lt)) */
"['%z%', 'mini biography', 'features', 'm', 'f', 'S%', 'Volker Boehm']",1,median,114.3944263458252,699.0668773651123,0.6176939,50,/*+  SeqScan(pi) IndexScan(an person_id_aka_name) IndexScan(n name_pkey) IndexScan(ci person_id_cast_info) IndexScan(ml linked_movie_id_movie_link) IndexScan(it info_type_pkey) IndexScan(t title_pkey) IndexScan(lt link_type_pkey) NestLoop(pi an) NestLoop(pi an n) NestLoop(pi an n ci) NestLoop(pi an n ci ml) NestLoop(pi an n ci ml it) NestLoop(pi an n ci ml it t) NestLoop(pi an n ci ml it t lt) Leading((((((((pi an) n) ci) ml) it) t) lt)) */
"['%z%', 'mini biography', 'features', 'f', 'm', '%Bert%', 'Volker Boehm']",1,median,115.34500122070312,679.4660091400146,0.60598457,50,/*+  SeqScan(pi) IndexScan(an person_id_aka_name) IndexScan(n name_pkey) IndexScan(ci person_id_cast_info) IndexScan(ml linked_movie_id_movie_link) IndexScan(it info_type_pkey) IndexScan(t title_pkey) IndexScan(lt link_type_pkey) NestLoop(pi an) NestLoop(pi an n) NestLoop(pi an n ci) NestLoop(pi an n ci ml) NestLoop(pi an n ci ml it) NestLoop(pi an n ci ml it t) NestLoop(pi an n ci ml it t lt) Leading((((((((pi an) n) ci) ml) it) t) lt)) */
"['S%', 'mini biography', 'features', 'f', 'm', 'Z%', 'Volker Boehm']",1,median,114.42446708679199,688.417911529541,0.6046603,50,/*+  SeqScan(pi) IndexScan(an person_id_aka_name) IndexScan(n name_pkey) IndexScan(ci person_id_cast_info) IndexScan(ml linked_movie_id_movie_link) IndexScan(it info_type_pkey) IndexScan(t title_pkey) IndexScan(lt link_type_pkey) NestLoop(pi an) NestLoop(pi an n) NestLoop(pi an n ci) NestLoop(pi an n ci ml) NestLoop(pi an n ci ml it) NestLoop(pi an n ci ml it t) NestLoop(pi an n ci ml it t lt) Leading((((((((pi an) n) ci) ml) it) t) lt)) */
"['%u%', 'mini biography', 'features', 'm', 'f', '%R%', 'Volker Boehm']",1,median,117.57278442382812,898.4107971191406,0.61130077,50,/*+  SeqScan(pi) IndexScan(an person_id_aka_name) IndexScan(n name_pkey) IndexScan(ci person_id_cast_info) IndexScan(ml linked_movie_id_movie_link) IndexScan(it info_type_pkey) IndexScan(t title_pkey) IndexScan(lt link_type_pkey) NestLoop(pi an) NestLoop(pi an n) NestLoop(pi an n ci) NestLoop(pi an n ci ml) NestLoop(pi an n ci ml it) NestLoop(pi an n ci ml it t) NestLoop(pi an n ci ml it t lt) Leading((((((((pi an) n) ci) ml) it) t) lt)) */
"['%u%', 'mini biography', 'features', 'f', 'm', '%Tim%', 'Volker Boehm']",1,median,126.37495994567871,791.9666767120361,0.6187276,50,/*+  SeqScan(pi) IndexScan(an person_id_aka_name) IndexScan(n name_pkey) IndexScan(ci person_id_cast_info) IndexScan(ml linked_movie_id_movie_link) IndexScan(it info_type_pkey) IndexScan(t title_pkey) IndexScan(lt link_type_pkey) NestLoop(pi an) NestLoop(pi an n) NestLoop(pi an n ci) NestLoop(pi an n ci ml) NestLoop(pi an n ci ml it) NestLoop(pi an n ci ml it t) NestLoop(pi an n ci ml it t lt) Leading((((((((pi an) n) ci) ml) it) t) lt)) */
"['%y%', 'mini biography', 'features', 'm', 'f', 'V%', 'Volker Boehm']",1,median,120.11265754699707,908.677339553833,0.61857086,50,/*+  SeqScan(pi) IndexScan(an person_id_aka_name) IndexScan(n name_pkey) IndexScan(ci person_id_cast_info) IndexScan(ml linked_movie_id_movie_link) IndexScan(it info_type_pkey) IndexScan(t title_pkey) IndexScan(lt link_type_pkey) NestLoop(pi an) NestLoop(pi an n) NestLoop(pi an n ci) NestLoop(pi an n ci ml) NestLoop(pi an n ci ml it) NestLoop(pi an n ci ml it t) NestLoop(pi an n ci ml it t lt) Leading((((((((pi an) n) ci) ml) it) t) lt)) */
"['M%', 'mini biography', 'features', 'm', 'f', '%Yo%', 'Volker Boehm']",1,median,114.15839195251465,719.9606895446777,0.62550354,50,/*+  SeqScan(pi) IndexScan(an person_id_aka_name) IndexScan(n name_pkey) IndexScan(ci person_id_cast_info) IndexScan(ml linked_movie_id_movie_link) IndexScan(it info_type_pkey) IndexScan(t title_pkey) IndexScan(lt link_type_pkey) NestLoop(pi an) NestLoop(pi an n) NestLoop(pi an n ci) NestLoop(pi an n ci ml) NestLoop(pi an n ci ml it) NestLoop(pi an n ci ml it t) NestLoop(pi an n ci ml it t lt) Leading((((((((pi an) n) ci) ml) it) t) lt)) */
"['D%', 'mini biography', 'features', 'f', 'm', 'B%', 'Volker Boehm']",1,median,113.56973648071289,666.8593883514404,0.6060796,50,/*+  SeqScan(pi) IndexScan(an person_id_aka_name) IndexScan(n name_pkey) IndexScan(ci person_id_cast_info) IndexScan(ml linked_movie_id_movie_link) IndexScan(it info_type_pkey) IndexScan(t title_pkey) IndexScan(lt link_type_pkey) NestLoop(pi an) NestLoop(pi an n) NestLoop(pi an n ci) NestLoop(pi an n ci ml) NestLoop(pi an n ci ml it) NestLoop(pi an n ci ml it t) NestLoop(pi an n ci ml it t lt) Leading((((((((pi an) n) ci) ml) it) t) lt)) */
"['%t%', 'mini biography', 'features', 'f', 'm', 'P%', 'Volker Boehm']",1,median,120.25237083435059,895.1594829559326,0.61208314,50,/*+  SeqScan(pi) IndexScan(an person_id_aka_name) IndexScan(n name_pkey) IndexScan(ci person_id_cast_info) IndexScan(ml linked_movie_id_movie_link) IndexScan(it info_type_pkey) IndexScan(t title_pkey) IndexScan(lt link_type_pkey) NestLoop(pi an) NestLoop(pi an n) NestLoop(pi an n ci) NestLoop(pi an n ci ml) NestLoop(pi an n ci ml it) NestLoop(pi an n ci ml it t) NestLoop(pi an n ci ml it t lt) Leading((((((((pi an) n) ci) ml) it) t) lt)) */
"['T%', 'mini biography', 'features', 'm', 'f', '%Angel%', 'Volker Boehm']",1,median,117.20561981201172,697.2939968109131,0.6244294,50,/*+  SeqScan(pi) IndexScan(an person_id_aka_name) IndexScan(n name_pkey) IndexScan(ci person_id_cast_info) IndexScan(ml linked_movie_id_movie_link) IndexScan(it info_type_pkey) IndexScan(t title_pkey) IndexScan(lt link_type_pkey) NestLoop(pi an) NestLoop(pi an n) NestLoop(pi an n ci) NestLoop(pi an n ci ml) NestLoop(pi an n ci ml it) NestLoop(pi an n ci ml it t) NestLoop(pi an n ci ml it t lt) Leading((((((((pi an) n) ci) ml) it) t) lt)) */
"['%o%', 'mini biography', 'features', 'm', 'f', '%Z%', 'Volker Boehm']",1,median,136.8715763092041,1227.6179790496826,0.62000936,50,/*+  SeqScan(pi) IndexScan(an person_id_aka_name) IndexScan(n name_pkey) IndexScan(ci person_id_cast_info) IndexScan(ml linked_movie_id_movie_link) IndexScan(it info_type_pkey) IndexScan(t title_pkey) IndexScan(lt link_type_pkey) NestLoop(pi an) NestLoop(pi an n) NestLoop(pi an n ci) NestLoop(pi an n ci ml) NestLoop(pi an n ci ml it) NestLoop(pi an n ci ml it t) NestLoop(pi an n ci ml it t lt) Leading((((((((pi an) n) ci) ml) it) t) lt)) */
"['%e%', 'mini biography', 'features', 'm', 'f', '%B%', 'Volker Boehm']",1,median,130.6781768798828,3078.75394821167,0.63073504,50,/*+  SeqScan(pi) IndexScan(an person_id_aka_name) IndexScan(n name_pkey) IndexScan(ci person_id_cast_info) IndexScan(ml linked_movie_id_movie_link) IndexScan(it info_type_pkey) IndexScan(t title_pkey) IndexScan(lt link_type_pkey) NestLoop(pi an) NestLoop(pi an n) NestLoop(pi an n ci) NestLoop(pi an n ci ml) NestLoop(pi an n ci ml it) NestLoop(pi an n ci ml it t) NestLoop(pi an n ci ml it t lt) Leading((((((((pi an) n) ci) ml) it) t) lt)) */
"['%h%', 'mini biography', 'features', 'm', 'f', '%B%', 'Volker Boehm']",1,median,122.98965454101562,1050.792932510376,0.6292226,50,/*+  SeqScan(pi) IndexScan(an person_id_aka_name) IndexScan(n name_pkey) IndexScan(ci person_id_cast_info) IndexScan(ml linked_movie_id_movie_link) IndexScan(it info_type_pkey) IndexScan(t title_pkey) IndexScan(lt link_type_pkey) NestLoop(pi an) NestLoop(pi an n) NestLoop(pi an n ci) NestLoop(pi an n ci ml) NestLoop(pi an n ci ml it) NestLoop(pi an n ci ml it t) NestLoop(pi an n ci ml it t lt) Leading((((((((pi an) n) ci) ml) it) t) lt)) */
"['D%', 'mini biography', 'features', 'f', 'm', 'C%', 'Volker Boehm']",1,median,113.84797096252441,663.2521152496338,0.6118821,50,/*+  SeqScan(pi) IndexScan(an person_id_aka_name) IndexScan(n name_pkey) IndexScan(ci person_id_cast_info) IndexScan(ml linked_movie_id_movie_link) IndexScan(it info_type_pkey) IndexScan(t title_pkey) IndexScan(lt link_type_pkey) NestLoop(pi an) NestLoop(pi an n) NestLoop(pi an n ci) NestLoop(pi an n ci ml) NestLoop(pi an n ci ml it) NestLoop(pi an n ci ml it t) NestLoop(pi an n ci ml it t lt) Leading((((((((pi an) n) ci) ml) it) t) lt)) */
"['%s%', 'mini biography', 'features', 'f', 'm', 'X%', 'Volker Boehm']",1,median,133.53776931762695,884.3955993652344,0.6036084,50,/*+  SeqScan(pi) IndexScan(an person_id_aka_name) IndexScan(n name_pkey) IndexScan(ci person_id_cast_info) IndexScan(ml linked_movie_id_movie_link) IndexScan(it info_type_pkey) IndexScan(t title_pkey) IndexScan(lt link_type_pkey) NestLoop(pi an) NestLoop(pi an n) NestLoop(pi an n ci) NestLoop(pi an n ci ml) NestLoop(pi an n ci ml it) NestLoop(pi an n ci ml it t) NestLoop(pi an n ci ml it t lt) Leading((((((((pi an) n) ci) ml) it) t) lt)) */
"['V%', 'mini biography', 'features', 'f', 'm', '%Q%', 'Volker Boehm']",1,median,112.85161972045898,647.3679542541504,0.6268604,50,/*+  SeqScan(pi) IndexScan(an person_id_aka_name) IndexScan(n name_pkey) IndexScan(ci person_id_cast_info) IndexScan(ml linked_movie_id_movie_link) IndexScan(it info_type_pkey) IndexScan(t title_pkey) IndexScan(lt link_type_pkey) NestLoop(pi an) NestLoop(pi an n) NestLoop(pi an n ci) NestLoop(pi an n ci ml) NestLoop(pi an n ci ml it) NestLoop(pi an n ci ml it t) NestLoop(pi an n ci ml it t lt) Leading((((((((pi an) n) ci) ml) it) t) lt)) */
"['%t%', 'mini biography', 'features', 'f', 'm', '%B%', 'Volker Boehm']",1,median,124.3448257446289,903.6364555358887,0.6152911,50,/*+  SeqScan(pi) IndexScan(an person_id_aka_name) IndexScan(n name_pkey) IndexScan(ci person_id_cast_info) IndexScan(ml linked_movie_id_movie_link) IndexScan(it info_type_pkey) IndexScan(t title_pkey) IndexScan(lt link_type_pkey) NestLoop(pi an) NestLoop(pi an n) NestLoop(pi an n ci) NestLoop(pi an n ci ml) NestLoop(pi an n ci ml it) NestLoop(pi an n ci ml it t) NestLoop(pi an n ci ml it t lt) Leading((((((((pi an) n) ci) ml) it) t) lt)) */
"['%x%', 'mini biography', 'features', 'm', 'f', 'C%', 'Volker Boehm']",1,median,113.98839950561523,657.4985980987549,0.6285831,50,/*+  SeqScan(pi) IndexScan(an person_id_aka_name) IndexScan(n name_pkey) IndexScan(ci person_id_cast_info) IndexScan(ml linked_movie_id_movie_link) IndexScan(it info_type_pkey) IndexScan(t title_pkey) IndexScan(lt link_type_pkey) NestLoop(pi an) NestLoop(pi an n) NestLoop(pi an n ci) NestLoop(pi an n ci ml) NestLoop(pi an n ci ml it) NestLoop(pi an n ci ml it t) NestLoop(pi an n ci ml it t lt) Leading((((((((pi an) n) ci) ml) it) t) lt)) */
"['%t%', 'mini biography', 'features', 'f', 'm', '%A%', 'Volker Boehm']",1,median,116.15633964538574,905.9436321258545,0.6076914,50,/*+  SeqScan(pi) IndexScan(an person_id_aka_name) IndexScan(n name_pkey) IndexScan(ci person_id_cast_info) IndexScan(ml linked_movie_id_movie_link) IndexScan(it info_type_pkey) IndexScan(t title_pkey) IndexScan(lt link_type_pkey) NestLoop(pi an) NestLoop(pi an n) NestLoop(pi an n ci) NestLoop(pi an n ci ml) NestLoop(pi an n ci ml it) NestLoop(pi an n ci ml it t) NestLoop(pi an n ci ml it t lt) Leading((((((((pi an) n) ci) ml) it) t) lt)) */
"['%y%', 'mini biography', 'features', 'm', 'f', 'D%', 'Volker Boehm']",1,median,121.96040153503418,905.5519104003906,0.6234456,50,/*+  SeqScan(pi) IndexScan(an person_id_aka_name) IndexScan(n name_pkey) IndexScan(ci person_id_cast_info) IndexScan(ml linked_movie_id_movie_link) IndexScan(it info_type_pkey) IndexScan(t title_pkey) IndexScan(lt link_type_pkey) NestLoop(pi an) NestLoop(pi an n) NestLoop(pi an n ci) NestLoop(pi an n ci ml) NestLoop(pi an n ci ml it) NestLoop(pi an n ci ml it t) NestLoop(pi an n ci ml it t lt) Leading((((((((pi an) n) ci) ml) it) t) lt)) */
"['T%', 'mini biography', 'features', 'm', 'f', '%X%', 'Volker Boehm']",1,median,115.28587341308594,697.1719264984131,0.6244294,50,/*+  SeqScan(pi) IndexScan(an person_id_aka_name) IndexScan(n name_pkey) IndexScan(ci person_id_cast_info) IndexScan(ml linked_movie_id_movie_link) IndexScan(it info_type_pkey) IndexScan(t title_pkey) IndexScan(lt link_type_pkey) NestLoop(pi an) NestLoop(pi an n) NestLoop(pi an n ci) NestLoop(pi an n ci ml) NestLoop(pi an n ci ml it) NestLoop(pi an n ci ml it t) NestLoop(pi an n ci ml it t lt) Leading((((((((pi an) n) ci) ml) it) t) lt)) */
"['H%', 'mini biography', 'features', 'm', 'f', 'E%', 'Volker Boehm']",1,median,115.80705642700195,688.6723041534424,0.61015177,50,/*+  SeqScan(pi) IndexScan(an person_id_aka_name) IndexScan(n name_pkey) IndexScan(ci person_id_cast_info) IndexScan(ml linked_movie_id_movie_link) IndexScan(it info_type_pkey) IndexScan(t title_pkey) IndexScan(lt link_type_pkey) NestLoop(pi an) NestLoop(pi an n) NestLoop(pi an n ci) NestLoop(pi an n ci ml) NestLoop(pi an n ci ml it) NestLoop(pi an n ci ml it t) NestLoop(pi an n ci ml it t lt) Leading((((((((pi an) n) ci) ml) it) t) lt)) */
"['%m%', 'mini biography', 'features', 'f', 'm', 'K%', 'Volker Boehm']",1,median,117.23899841308594,775.0756740570068,0.61605585,50,/*+  SeqScan(pi) IndexScan(an person_id_aka_name) IndexScan(n name_pkey) IndexScan(ci person_id_cast_info) IndexScan(ml linked_movie_id_movie_link) IndexScan(it info_type_pkey) IndexScan(t title_pkey) IndexScan(lt link_type_pkey) NestLoop(pi an) NestLoop(pi an n) NestLoop(pi an n ci) NestLoop(pi an n ci ml) NestLoop(pi an n ci ml it) NestLoop(pi an n ci ml it t) NestLoop(pi an n ci ml it t lt) Leading((((((((pi an) n) ci) ml) it) t) lt)) */
"['L%', 'mini biography', 'features', 'f', 'm', 'Z%', 'Volker Boehm']",1,median,113.72876167297363,664.4933223724365,0.62148184,50,/*+  SeqScan(pi) IndexScan(an person_id_aka_name) IndexScan(n name_pkey) IndexScan(ci person_id_cast_info) IndexScan(ml linked_movie_id_movie_link) IndexScan(it info_type_pkey) IndexScan(t title_pkey) IndexScan(lt link_type_pkey) NestLoop(pi an) NestLoop(pi an n) NestLoop(pi an n ci) NestLoop(pi an n ci ml) NestLoop(pi an n ci ml it) NestLoop(pi an n ci ml it t) NestLoop(pi an n ci ml it t lt) Leading((((((((pi an) n) ci) ml) it) t) lt)) */
"['D%', 'mini biography', 'features', 'f', 'm', 'X%', 'Volker Boehm']",1,median,115.14711380004883,666.3780212402344,0.6060796,50,/*+  SeqScan(pi) IndexScan(an person_id_aka_name) IndexScan(n name_pkey) IndexScan(ci person_id_cast_info) IndexScan(ml linked_movie_id_movie_link) IndexScan(it info_type_pkey) IndexScan(t title_pkey) IndexScan(lt link_type_pkey) NestLoop(pi an) NestLoop(pi an n) NestLoop(pi an n ci) NestLoop(pi an n ci ml) NestLoop(pi an n ci ml it) NestLoop(pi an n ci ml it t) NestLoop(pi an n ci ml it t lt) Leading((((((((pi an) n) ci) ml) it) t) lt)) */
"['L%', 'mini biography', 'features', 'f', 'm', 'U%', 'Volker Boehm']",1,median,114.02153968811035,674.483060836792,0.61515534,50,/*+  SeqScan(pi) IndexScan(an person_id_aka_name) IndexScan(n name_pkey) IndexScan(ci person_id_cast_info) IndexScan(ml linked_movie_id_movie_link) IndexScan(it info_type_pkey) IndexScan(t title_pkey) IndexScan(lt link_type_pkey) NestLoop(pi an) NestLoop(pi an n) NestLoop(pi an n ci) NestLoop(pi an n ci ml) NestLoop(pi an n ci ml it) NestLoop(pi an n ci ml it t) NestLoop(pi an n ci ml it t lt) Leading((((((((pi an) n) ci) ml) it) t) lt)) */
"['%e%', 'mini biography', 'features', 'm', 'f', '%Downey%Robert%', 'Volker Boehm']",1,median,119.97628211975098,3011.0087394714355,0.6034317,50,/*+  SeqScan(pi) IndexScan(an person_id_aka_name) IndexScan(n name_pkey) IndexScan(ci person_id_cast_info) IndexScan(ml linked_movie_id_movie_link) IndexScan(it info_type_pkey) IndexScan(t title_pkey) IndexScan(lt link_type_pkey) NestLoop(pi an) NestLoop(pi an n) NestLoop(pi an n ci) NestLoop(pi an n ci ml) NestLoop(pi an n ci ml it) NestLoop(pi an n ci ml it t) NestLoop(pi an n ci ml it t lt) Leading((((((((pi an) n) ci) ml) it) t) lt)) */
"['%a%', 'mini biography', 'features', 'f', 'm', '%U%', 'Volker Boehm']",1,median,130.9223175048828,2178.3459186553955,0.6155201,50,/*+  SeqScan(pi) IndexScan(an person_id_aka_name) IndexScan(n name_pkey) IndexScan(ci person_id_cast_info) IndexScan(ml linked_movie_id_movie_link) IndexScan(it info_type_pkey) IndexScan(t title_pkey) IndexScan(lt link_type_pkey) NestLoop(pi an) NestLoop(pi an n) NestLoop(pi an n ci) NestLoop(pi an n ci ml) NestLoop(pi an n ci ml it) NestLoop(pi an n ci ml it t) NestLoop(pi an n ci ml it t lt) Leading((((((((pi an) n) ci) ml) it) t) lt)) */
"['%a%', 'mini biography', 'features', 'f', 'm', '%X%', 'Volker Boehm']",1,median,132.8425407409668,2179.2657375335693,0.6107226,50,/*+  SeqScan(pi) IndexScan(an person_id_aka_name) IndexScan(n name_pkey) IndexScan(ci person_id_cast_info) IndexScan(ml linked_movie_id_movie_link) IndexScan(it info_type_pkey) IndexScan(t title_pkey) IndexScan(lt link_type_pkey) NestLoop(pi an) NestLoop(pi an n) NestLoop(pi an n ci) NestLoop(pi an n ci ml) NestLoop(pi an n ci ml it) NestLoop(pi an n ci ml it t) NestLoop(pi an n ci ml it t lt) Leading((((((((pi an) n) ci) ml) it) t) lt)) */
"['%c%', 'mini biography', 'features', 'm', 'f', 'B%', 'Volker Boehm']",1,median,119.67873573303223,935.692310333252,0.62042475,50,/*+  SeqScan(pi) IndexScan(an person_id_aka_name) IndexScan(n name_pkey) IndexScan(ci person_id_cast_info) IndexScan(ml linked_movie_id_movie_link) IndexScan(it info_type_pkey) IndexScan(t title_pkey) IndexScan(lt link_type_pkey) NestLoop(pi an) NestLoop(pi an n) NestLoop(pi an n ci) NestLoop(pi an n ci ml) NestLoop(pi an n ci ml it) NestLoop(pi an n ci ml it t) NestLoop(pi an n ci ml it t lt) Leading((((((((pi an) n) ci) ml) it) t) lt)) */
"['%w%', 'mini biography', 'features', 'm', 'f', 'H%', 'Volker Boehm']",1,median,116.7454719543457,741.0621643066406,0.61493134,50,/*+  SeqScan(pi) IndexScan(an person_id_aka_name) IndexScan(n name_pkey) IndexScan(ci person_id_cast_info) IndexScan(ml linked_movie_id_movie_link) IndexScan(it info_type_pkey) IndexScan(t title_pkey) IndexScan(lt link_type_pkey) NestLoop(pi an) NestLoop(pi an n) NestLoop(pi an n ci) NestLoop(pi an n ci ml) NestLoop(pi an n ci ml it) NestLoop(pi an n ci ml it t) NestLoop(pi an n ci ml it t lt) Leading((((((((pi an) n) ci) ml) it) t) lt)) */
"['H%', 'mini biography', 'features', 'm', 'f', '%Tim%', 'Volker Boehm']",1,median,113.80481719970703,692.8703784942627,0.60653913,50,/*+  SeqScan(pi) IndexScan(an person_id_aka_name) IndexScan(n name_pkey) IndexScan(ci person_id_cast_info) IndexScan(ml linked_movie_id_movie_link) IndexScan(it info_type_pkey) IndexScan(t title_pkey) IndexScan(lt link_type_pkey) NestLoop(pi an) NestLoop(pi an n) NestLoop(pi an n ci) NestLoop(pi an n ci ml) NestLoop(pi an n ci ml it) NestLoop(pi an n ci ml it t) NestLoop(pi an n ci ml it t lt) Leading((((((((pi an) n) ci) ml) it) t) lt)) */
"['%x%', 'mini biography', 'features', 'm', 'f', '%Yo%', 'Volker Boehm']",1,median,114.82048034667969,690.4585361480713,0.62550354,50,/*+  SeqScan(pi) IndexScan(an person_id_aka_name) IndexScan(n name_pkey) IndexScan(ci person_id_cast_info) IndexScan(ml linked_movie_id_movie_link) IndexScan(it info_type_pkey) IndexScan(t title_pkey) IndexScan(lt link_type_pkey) NestLoop(pi an) NestLoop(pi an n) NestLoop(pi an n ci) NestLoop(pi an n ci ml) NestLoop(pi an n ci ml it) NestLoop(pi an n ci ml it t) NestLoop(pi an n ci ml it t lt) Leading((((((((pi an) n) ci) ml) it) t) lt)) */
"['%f%', 'mini biography', 'features', 'm', 'f', '%Bert%', 'Volker Boehm']",1,median,114.69888687133789,715.2023315429688,0.6301762,50,/*+  SeqScan(pi) IndexScan(an person_id_aka_name) IndexScan(n name_pkey) IndexScan(ci person_id_cast_info) IndexScan(ml linked_movie_id_movie_link) IndexScan(it info_type_pkey) IndexScan(t title_pkey) IndexScan(lt link_type_pkey) NestLoop(pi an) NestLoop(pi an n) NestLoop(pi an n ci) NestLoop(pi an n ci ml) NestLoop(pi an n ci ml it) NestLoop(pi an n ci ml it t) NestLoop(pi an n ci ml it t lt) Leading((((((((pi an) n) ci) ml) it) t) lt)) */
"['J%', 'mini biography', 'features', 'm', 'f', 'B%', 'Volker Boehm']",1,median,113.34657669067383,684.8986148834229,0.6244294,50,/*+  SeqScan(pi) IndexScan(an person_id_aka_name) IndexScan(n name_pkey) IndexScan(ci person_id_cast_info) IndexScan(ml linked_movie_id_movie_link) IndexScan(it info_type_pkey) IndexScan(t title_pkey) IndexScan(lt link_type_pkey) NestLoop(pi an) NestLoop(pi an n) NestLoop(pi an n ci) NestLoop(pi an n ci ml) NestLoop(pi an n ci ml it) NestLoop(pi an n ci ml it t) NestLoop(pi an n ci ml it t lt) Leading((((((((pi an) n) ci) ml) it) t) lt)) */
"['%a%', 'mini biography', 'features', 'f', 'm', '%A%', 'Volker Boehm']",1,median,134.57942008972168,2337.4996185302734,0.61178696,50,/*+  SeqScan(pi) IndexScan(an person_id_aka_name) IndexScan(n name_pkey) IndexScan(ci person_id_cast_info) IndexScan(ml linked_movie_id_movie_link) IndexScan(it info_type_pkey) IndexScan(t title_pkey) IndexScan(lt link_type_pkey) NestLoop(pi an) NestLoop(pi an n) NestLoop(pi an n ci) NestLoop(pi an n ci ml) NestLoop(pi an n ci ml it) NestLoop(pi an n ci ml it t) NestLoop(pi an n ci ml it t lt) Leading((((((((pi an) n) ci) ml) it) t) lt)) */
"['%i%', 'mini biography', 'features', 'f', 'm', 'A%', 'Volker Boehm']",1,median,126.7695426940918,2211.341142654419,0.61605585,50,/*+  SeqScan(pi) IndexScan(an person_id_aka_name) IndexScan(n name_pkey) IndexScan(ci person_id_cast_info) IndexScan(ml linked_movie_id_movie_link) IndexScan(it info_type_pkey) IndexScan(t title_pkey) IndexScan(lt link_type_pkey) NestLoop(pi an) NestLoop(pi an n) NestLoop(pi an n ci) NestLoop(pi an n ci ml) NestLoop(pi an n ci ml it) NestLoop(pi an n ci ml it t) NestLoop(pi an n ci ml it t lt) Leading((((((((pi an) n) ci) ml) it) t) lt)) */
"['K%', 'mini biography', 'features', 'm', 'f', 'V%', 'Volker Boehm']",1,median,113.75641822814941,669.2917346954346,0.61140895,50,/*+  SeqScan(pi) IndexScan(an person_id_aka_name) IndexScan(n name_pkey) IndexScan(ci person_id_cast_info) IndexScan(ml linked_movie_id_movie_link) IndexScan(it info_type_pkey) IndexScan(t title_pkey) IndexScan(lt link_type_pkey) NestLoop(pi an) NestLoop(pi an n) NestLoop(pi an n ci) NestLoop(pi an n ci ml) NestLoop(pi an n ci ml it) NestLoop(pi an n ci ml it t) NestLoop(pi an n ci ml it t lt) Leading((((((((pi an) n) ci) ml) it) t) lt)) */
"['%a%', 'mini biography', 'features', 'f', 'm', 'U%', 'Volker Boehm']",1,median,121.44684791564941,2180.666923522949,0.6117558,50,/*+  SeqScan(pi) IndexScan(an person_id_aka_name) IndexScan(n name_pkey) IndexScan(ci person_id_cast_info) IndexScan(ml linked_movie_id_movie_link) IndexScan(it info_type_pkey) IndexScan(t title_pkey) IndexScan(lt link_type_pkey) NestLoop(pi an) NestLoop(pi an n) NestLoop(pi an n ci) NestLoop(pi an n ci ml) NestLoop(pi an n ci ml it) NestLoop(pi an n ci ml it t) NestLoop(pi an n ci ml it t lt) Leading((((((((pi an) n) ci) ml) it) t) lt)) */
"['%k%', 'mini biography', 'features', 'm', 'f', 'F%', 'Volker Boehm']",1,median,119.43864822387695,819.6988105773926,0.61148167,50,/*+  SeqScan(pi) IndexScan(an person_id_aka_name) IndexScan(n name_pkey) IndexScan(ci person_id_cast_info) IndexScan(ml linked_movie_id_movie_link) IndexScan(it info_type_pkey) IndexScan(t title_pkey) IndexScan(lt link_type_pkey) NestLoop(pi an) NestLoop(pi an n) NestLoop(pi an n ci) NestLoop(pi an n ci ml) NestLoop(pi an n ci ml it) NestLoop(pi an n ci ml it t) NestLoop(pi an n ci ml it t lt) Leading((((((((pi an) n) ci) ml) it) t) lt)) */
"['%a%', 'mini biography', 'features', 'm', 'f', 'W%', 'Volker Boehm']",1,median,130.31435012817383,3027.7090072631836,0.61594653,50,/*+  SeqScan(pi) IndexScan(an person_id_aka_name) IndexScan(n name_pkey) IndexScan(ci person_id_cast_info) IndexScan(ml linked_movie_id_movie_link) IndexScan(it info_type_pkey) IndexScan(t title_pkey) IndexScan(lt link_type_pkey) NestLoop(pi an) NestLoop(pi an n) NestLoop(pi an n ci) NestLoop(pi an n ci ml) NestLoop(pi an n ci ml it) NestLoop(pi an n ci ml it t) NestLoop(pi an n ci ml it t lt) Leading((((((((pi an) n) ci) ml) it) t) lt)) */
"['%u%', 'mini biography', 'features', 'f', 'm', '%Q%', 'Volker Boehm']",1,median,139.2207145690918,794.2187786102295,0.62093717,50,/*+  SeqScan(pi) IndexScan(an person_id_aka_name) IndexScan(n name_pkey) IndexScan(ci person_id_cast_info) IndexScan(ml linked_movie_id_movie_link) IndexScan(it info_type_pkey) IndexScan(t title_pkey) IndexScan(lt link_type_pkey) NestLoop(pi an) NestLoop(pi an n) NestLoop(pi an n ci) NestLoop(pi an n ci ml) NestLoop(pi an n ci ml it) NestLoop(pi an n ci ml it t) NestLoop(pi an n ci ml it t lt) Leading((((((((pi an) n) ci) ml) it) t) lt)) */
"['A%', 'mini biography', 'features', 'f', 'm', '%L%', 'Volker Boehm']",1,median,126.40142440795898,662.7762317657471,0.61605585,50,/*+  SeqScan(pi) IndexScan(an person_id_aka_name) IndexScan(n name_pkey) IndexScan(ci person_id_cast_info) IndexScan(ml linked_movie_id_movie_link) IndexScan(it info_type_pkey) IndexScan(t title_pkey) IndexScan(lt link_type_pkey) NestLoop(pi an) NestLoop(pi an n) NestLoop(pi an n ci) NestLoop(pi an n ci ml) NestLoop(pi an n ci ml it) NestLoop(pi an n ci ml it t) NestLoop(pi an n ci ml it t lt) Leading((((((((pi an) n) ci) ml) it) t) lt)) */
"['C%', 'mini biography', 'features', 'm', 'f', 'H%', 'Volker Boehm']",1,median,114.12310600280762,731.5099239349365,0.61987454,50,/*+  SeqScan(pi) IndexScan(an person_id_aka_name) IndexScan(n name_pkey) IndexScan(ci person_id_cast_info) IndexScan(ml linked_movie_id_movie_link) IndexScan(it info_type_pkey) IndexScan(t title_pkey) IndexScan(lt link_type_pkey) NestLoop(pi an) NestLoop(pi an n) NestLoop(pi an n ci) NestLoop(pi an n ci ml) NestLoop(pi an n ci ml it) NestLoop(pi an n ci ml it t) NestLoop(pi an n ci ml it t lt) Leading((((((((pi an) n) ci) ml) it) t) lt)) */
"['R%', 'mini biography', 'features', 'm', 'f', '%Yo%', 'Volker Boehm']",1,median,117.49505996704102,685.908317565918,0.61838496,50,/*+  SeqScan(pi) IndexScan(an person_id_aka_name) IndexScan(n name_pkey) IndexScan(ci person_id_cast_info) IndexScan(ml linked_movie_id_movie_link) IndexScan(it info_type_pkey) IndexScan(t title_pkey) IndexScan(lt link_type_pkey) NestLoop(pi an) NestLoop(pi an n) NestLoop(pi an n ci) NestLoop(pi an n ci ml) NestLoop(pi an n ci ml it) NestLoop(pi an n ci ml it t) NestLoop(pi an n ci ml it t lt) Leading((((((((pi an) n) ci) ml) it) t) lt)) */
"['M%', 'mini biography', 'features', 'm', 'f', 'Z%', 'Volker Boehm']",1,median,112.52903938293457,786.6928577423096,0.6258621,50,/*+  SeqScan(pi) IndexScan(an person_id_aka_name) IndexScan(n name_pkey) IndexScan(ci person_id_cast_info) IndexScan(ml linked_movie_id_movie_link) IndexScan(it info_type_pkey) IndexScan(t title_pkey) IndexScan(lt link_type_pkey) NestLoop(pi an) NestLoop(pi an n) NestLoop(pi an n ci) NestLoop(pi an n ci ml) NestLoop(pi an n ci ml it) NestLoop(pi an n ci ml it t) NestLoop(pi an n ci ml it t lt) Leading((((((((pi an) n) ci) ml) it) t) lt)) */
"['%g%', 'mini biography', 'features', 'f', 'm', 'U%', 'Volker Boehm']",1,median,111.10043525695801,788.322925567627,0.6053149,50,/*+  SeqScan(pi) IndexScan(an person_id_aka_name) IndexScan(n name_pkey) IndexScan(ci person_id_cast_info) IndexScan(ml linked_movie_id_movie_link) IndexScan(it info_type_pkey) IndexScan(t title_pkey) IndexScan(lt link_type_pkey) NestLoop(pi an) NestLoop(pi an n) NestLoop(pi an n ci) NestLoop(pi an n ci ml) NestLoop(pi an n ci ml it) NestLoop(pi an n ci ml it t) NestLoop(pi an n ci ml it t lt) Leading((((((((pi an) n) ci) ml) it) t) lt)) */
"['%i%', 'mini biography', 'features', 'm', 'f', 'F%', 'Volker Boehm']",1,median,119.78960037231445,1290.6358242034912,0.6244294,50,/*+  SeqScan(pi) IndexScan(an person_id_aka_name) IndexScan(n name_pkey) IndexScan(ci person_id_cast_info) IndexScan(ml linked_movie_id_movie_link) IndexScan(it info_type_pkey) IndexScan(t title_pkey) IndexScan(lt link_type_pkey) NestLoop(pi an) NestLoop(pi an n) NestLoop(pi an n ci) NestLoop(pi an n ci ml) NestLoop(pi an n ci ml it) NestLoop(pi an n ci ml it t) NestLoop(pi an n ci ml it t lt) Leading((((((((pi an) n) ci) ml) it) t) lt)) */
"['%l%', 'mini biography', 'features', 'm', 'f', '%Tim%', 'Volker Boehm']",1,median,119.05646324157715,1187.7105236053467,0.61626494,50,/*+  SeqScan(pi) IndexScan(an person_id_aka_name) IndexScan(n name_pkey) IndexScan(ci person_id_cast_info) IndexScan(ml linked_movie_id_movie_link) IndexScan(it info_type_pkey) IndexScan(t title_pkey) IndexScan(lt link_type_pkey) NestLoop(pi an) NestLoop(pi an n) NestLoop(pi an n ci) NestLoop(pi an n ci ml) NestLoop(pi an n ci ml it) NestLoop(pi an n ci ml it t) NestLoop(pi an n ci ml it t lt) Leading((((((((pi an) n) ci) ml) it) t) lt)) */
"['%r%', 'mini biography', 'features', 'm', 'f', '%Ang%', 'Volker Boehm']",1,median,118.15047264099121,1327.5468349456787,0.62691283,50,/*+  SeqScan(pi) IndexScan(an person_id_aka_name) IndexScan(n name_pkey) IndexScan(ci person_id_cast_info) IndexScan(ml linked_movie_id_movie_link) IndexScan(it info_type_pkey) IndexScan(t title_pkey) IndexScan(lt link_type_pkey) NestLoop(pi an) NestLoop(pi an n) NestLoop(pi an n ci) NestLoop(pi an n ci ml) NestLoop(pi an n ci ml it) NestLoop(pi an n ci ml it t) NestLoop(pi an n ci ml it t lt) Leading((((((((pi an) n) ci) ml) it) t) lt)) */
"['%a%', 'mini biography', 'features', 'f', 'm', '%D%', 'Volker Boehm']",1,median,119.96102333068848,2361.0332012176514,0.62160254,50,/*+  SeqScan(pi) IndexScan(an person_id_aka_name) IndexScan(n name_pkey) IndexScan(ci person_id_cast_info) IndexScan(ml linked_movie_id_movie_link) IndexScan(it info_type_pkey) IndexScan(t title_pkey) IndexScan(lt link_type_pkey) NestLoop(pi an) NestLoop(pi an n) NestLoop(pi an n ci) NestLoop(pi an n ci ml) NestLoop(pi an n ci ml it) NestLoop(pi an n ci ml it t) NestLoop(pi an n ci ml it t lt) Leading((((((((pi an) n) ci) ml) it) t) lt)) */
"['%z%', 'mini biography', 'features', 'm', 'f', '%Angel%', 'Volker Boehm']",1,median,112.44320869445801,761.9788646697998,0.6176939,50,/*+  SeqScan(pi) IndexScan(an person_id_aka_name) IndexScan(n name_pkey) IndexScan(ci person_id_cast_info) IndexScan(ml linked_movie_id_movie_link) IndexScan(it info_type_pkey) IndexScan(t title_pkey) IndexScan(lt link_type_pkey) NestLoop(pi an) NestLoop(pi an n) NestLoop(pi an n ci) NestLoop(pi an n ci ml) NestLoop(pi an n ci ml it) NestLoop(pi an n ci ml it t) NestLoop(pi an n ci ml it t lt) Leading((((((((pi an) n) ci) ml) it) t) lt)) */
"['%a%', 'mini biography', 'features', 'm', 'f', 'S%', 'Volker Boehm']",1,median,121.3374137878418,3040.2281284332275,0.61594653,50,/*+  SeqScan(pi) IndexScan(an person_id_aka_name) IndexScan(n name_pkey) IndexScan(ci person_id_cast_info) IndexScan(ml linked_movie_id_movie_link) IndexScan(it info_type_pkey) IndexScan(t title_pkey) IndexScan(lt link_type_pkey) NestLoop(pi an) NestLoop(pi an n) NestLoop(pi an n ci) NestLoop(pi an n ci ml) NestLoop(pi an n ci ml it) NestLoop(pi an n ci ml it t) NestLoop(pi an n ci ml it t lt) Leading((((((((pi an) n) ci) ml) it) t) lt)) */
"['%n%', 'mini biography', 'features', 'f', 'm', '%Yo%', 'Volker Boehm']",1,median,126.73497200012207,2168.419122695923,0.6235061,50,/*+  SeqScan(pi) IndexScan(an person_id_aka_name) IndexScan(n name_pkey) IndexScan(ci person_id_cast_info) IndexScan(ml linked_movie_id_movie_link) IndexScan(it info_type_pkey) IndexScan(t title_pkey) IndexScan(lt link_type_pkey) NestLoop(pi an) NestLoop(pi an n) NestLoop(pi an n ci) NestLoop(pi an n ci ml) NestLoop(pi an n ci ml it) NestLoop(pi an n ci ml it t) NestLoop(pi an n ci ml it t lt) Leading((((((((pi an) n) ci) ml) it) t) lt)) */
"['H%', 'mini biography', 'features', 'm', 'f', '%Downey%Robert%', 'Volker Boehm']",1,median,113.13819885253906,750.4293918609619,0.6079122,50,/*+  SeqScan(pi) IndexScan(an person_id_aka_name) IndexScan(n name_pkey) IndexScan(ci person_id_cast_info) IndexScan(ml linked_movie_id_movie_link) IndexScan(it info_type_pkey) IndexScan(t title_pkey) IndexScan(lt link_type_pkey) NestLoop(pi an) NestLoop(pi an n) NestLoop(pi an n ci) NestLoop(pi an n ci ml) NestLoop(pi an n ci ml it) NestLoop(pi an n ci ml it t) NestLoop(pi an n ci ml it t lt) Leading((((((((pi an) n) ci) ml) it) t) lt)) */
"['B%', 'mini biography', 'features', 'm', 'f', 'J%', 'Volker Boehm']",1,median,114.31288719177246,779.0014743804932,0.6159201,50,/*+  SeqScan(pi) IndexScan(an person_id_aka_name) IndexScan(n name_pkey) IndexScan(ci person_id_cast_info) IndexScan(ml linked_movie_id_movie_link) IndexScan(it info_type_pkey) IndexScan(t title_pkey) IndexScan(lt link_type_pkey) NestLoop(pi an) NestLoop(pi an n) NestLoop(pi an n ci) NestLoop(pi an n ci ml) NestLoop(pi an n ci ml it) NestLoop(pi an n ci ml it t) NestLoop(pi an n ci ml it t lt) Leading((((((((pi an) n) ci) ml) it) t) lt)) */
"['J%', 'mini biography', 'features', 'f', 'm', '%Yo%', 'Volker Boehm']",1,median,112.60318756103516,723.1361865997314,0.6235061,50,/*+  SeqScan(pi) IndexScan(an person_id_aka_name) IndexScan(n name_pkey) IndexScan(ci person_id_cast_info) IndexScan(ml linked_movie_id_movie_link) IndexScan(it info_type_pkey) IndexScan(t title_pkey) IndexScan(lt link_type_pkey) NestLoop(pi an) NestLoop(pi an n) NestLoop(pi an n ci) NestLoop(pi an n ci ml) NestLoop(pi an n ci ml it) NestLoop(pi an n ci ml it t) NestLoop(pi an n ci ml it t lt) Leading((((((((pi an) n) ci) ml) it) t) lt)) */
"['%b%', 'mini biography', 'features', 'f', 'm', '%Q%', 'Volker Boehm']",1,median,111.297607421875,776.8409252166748,0.62639105,50,/*+  SeqScan(pi) IndexScan(an person_id_aka_name) IndexScan(n name_pkey) IndexScan(ci person_id_cast_info) IndexScan(ml linked_movie_id_movie_link) IndexScan(it info_type_pkey) IndexScan(t title_pkey) IndexScan(lt link_type_pkey) NestLoop(pi an) NestLoop(pi an n) NestLoop(pi an n ci) NestLoop(pi an n ci ml) NestLoop(pi an n ci ml it) NestLoop(pi an n ci ml it t) NestLoop(pi an n ci ml it t lt) Leading((((((((pi an) n) ci) ml) it) t) lt)) */
"['V%', 'mini biography', 'features', 'f', 'm', 'X%', 'Volker Boehm']",1,median,113.13581466674805,712.0568752288818,0.61605585,50,/*+  SeqScan(pi) IndexScan(an person_id_aka_name) IndexScan(n name_pkey) IndexScan(ci person_id_cast_info) IndexScan(ml linked_movie_id_movie_link) IndexScan(it info_type_pkey) IndexScan(t title_pkey) IndexScan(lt link_type_pkey) NestLoop(pi an) NestLoop(pi an n) NestLoop(pi an n ci) NestLoop(pi an n ci ml) NestLoop(pi an n ci ml it) NestLoop(pi an n ci ml it t) NestLoop(pi an n ci ml it t lt) Leading((((((((pi an) n) ci) ml) it) t) lt)) */
"['%c%', 'mini biography', 'features', 'f', 'm', '%Yo%', 'Volker Boehm']",1,median,112.61820793151855,849.7757911682129,0.6125257,50,/*+  SeqScan(pi) IndexScan(an person_id_aka_name) IndexScan(n name_pkey) IndexScan(ci person_id_cast_info) IndexScan(ml linked_movie_id_movie_link) IndexScan(it info_type_pkey) IndexScan(t title_pkey) IndexScan(lt link_type_pkey) NestLoop(pi an) NestLoop(pi an n) NestLoop(pi an n ci) NestLoop(pi an n ci ml) NestLoop(pi an n ci ml it) NestLoop(pi an n ci ml it t) NestLoop(pi an n ci ml it t lt) Leading((((((((pi an) n) ci) ml) it) t) lt)) */
"['T%', 'mini biography', 'features', 'f', 'm', '%L%', 'Volker Boehm']",1,median,112.4725341796875,737.4451160430908,0.61605585,50,/*+  SeqScan(pi) IndexScan(an person_id_aka_name) IndexScan(n name_pkey) IndexScan(ci person_id_cast_info) IndexScan(ml linked_movie_id_movie_link) IndexScan(it info_type_pkey) IndexScan(t title_pkey) IndexScan(lt link_type_pkey) NestLoop(pi an) NestLoop(pi an n) NestLoop(pi an n ci) NestLoop(pi an n ci ml) NestLoop(pi an n ci ml it) NestLoop(pi an n ci ml it t) NestLoop(pi an n ci ml it t lt) Leading((((((((pi an) n) ci) ml) it) t) lt)) */
"['%r%', 'mini biography', 'features', 'f', 'm', 'E%', 'Volker Boehm']",1,median,126.06263160705566,2187.020778656006,0.6182987,50,/*+  SeqScan(pi) IndexScan(an person_id_aka_name) IndexScan(n name_pkey) IndexScan(ci person_id_cast_info) IndexScan(ml linked_movie_id_movie_link) IndexScan(it info_type_pkey) IndexScan(t title_pkey) IndexScan(lt link_type_pkey) NestLoop(pi an) NestLoop(pi an n) NestLoop(pi an n ci) NestLoop(pi an n ci ml) NestLoop(pi an n ci ml it) NestLoop(pi an n ci ml it t) NestLoop(pi an n ci ml it t lt) Leading((((((((pi an) n) ci) ml) it) t) lt)) */
"['J%', 'mini biography', 'features', 'm', 'f', '%Ang%', 'Volker Boehm']",1,median,112.54405975341797,742.1197891235352,0.6244294,50,/*+  SeqScan(pi) IndexScan(an person_id_aka_name) IndexScan(n name_pkey) IndexScan(ci person_id_cast_info) IndexScan(ml linked_movie_id_movie_link) IndexScan(it info_type_pkey) IndexScan(t title_pkey) IndexScan(lt link_type_pkey) NestLoop(pi an) NestLoop(pi an n) NestLoop(pi an n ci) NestLoop(pi an n ci ml) NestLoop(pi an n ci ml it) NestLoop(pi an n ci ml it t) NestLoop(pi an n ci ml it t lt) Leading((((((((pi an) n) ci) ml) it) t) lt)) */
"['%p%', 'mini biography', 'features', 'm', 'f', '%B%', 'Volker Boehm']",1,median,112.81800270080566,815.3853416442871,0.63236576,50,/*+  SeqScan(pi) IndexScan(an person_id_aka_name) IndexScan(n name_pkey) IndexScan(ci person_id_cast_info) IndexScan(ml linked_movie_id_movie_link) IndexScan(it info_type_pkey) IndexScan(t title_pkey) IndexScan(lt link_type_pkey) NestLoop(pi an) NestLoop(pi an n) NestLoop(pi an n ci) NestLoop(pi an n ci ml) NestLoop(pi an n ci ml it) NestLoop(pi an n ci ml it t) NestLoop(pi an n ci ml it t lt) Leading((((((((pi an) n) ci) ml) it) t) lt)) */
"['%a%', 'mini biography', 'features', 'm', 'f', '%I%', 'Volker Boehm']",1,median,119.15016174316406,3000.6167888641357,0.6200455,50,/*+  SeqScan(pi) IndexScan(an person_id_aka_name) IndexScan(n name_pkey) IndexScan(ci person_id_cast_info) IndexScan(ml linked_movie_id_movie_link) IndexScan(it info_type_pkey) IndexScan(t title_pkey) IndexScan(lt link_type_pkey) NestLoop(pi an) NestLoop(pi an n) NestLoop(pi an n ci) NestLoop(pi an n ci ml) NestLoop(pi an n ci ml it) NestLoop(pi an n ci ml it t) NestLoop(pi an n ci ml it t lt) Leading((((((((pi an) n) ci) ml) it) t) lt)) */
"['%n%', 'mini biography', 'features', 'm', 'f', 'B%', 'Volker Boehm']",1,median,127.46000289916992,3052.985429763794,0.6244294,50,/*+  SeqScan(pi) IndexScan(an person_id_aka_name) IndexScan(n name_pkey) IndexScan(ci person_id_cast_info) IndexScan(ml linked_movie_id_movie_link) IndexScan(it info_type_pkey) IndexScan(t title_pkey) IndexScan(lt link_type_pkey) NestLoop(pi an) NestLoop(pi an n) NestLoop(pi an n ci) NestLoop(pi an n ci ml) NestLoop(pi an n ci ml it) NestLoop(pi an n ci ml it t) NestLoop(pi an n ci ml it t lt) Leading((((((((pi an) n) ci) ml) it) t) lt)) */
"['%s%', 'mini biography', 'features', 'm', 'f', 'S%', 'Volker Boehm']",1,median,114.46547508239746,1103.4693717956543,0.61374086,50,/*+  SeqScan(pi) IndexScan(an person_id_aka_name) IndexScan(n name_pkey) IndexScan(ci person_id_cast_info) IndexScan(ml linked_movie_id_movie_link) IndexScan(it info_type_pkey) IndexScan(t title_pkey) IndexScan(lt link_type_pkey) NestLoop(pi an) NestLoop(pi an n) NestLoop(pi an n ci) NestLoop(pi an n ci ml) NestLoop(pi an n ci ml it) NestLoop(pi an n ci ml it t) NestLoop(pi an n ci ml it t lt) Leading((((((((pi an) n) ci) ml) it) t) lt)) */
"['%p%', 'mini biography', 'features', 'm', 'f', '%Downey%Robert%', 'Volker Boehm']",1,median,112.18094825744629,821.4526176452637,0.61020297,50,/*+  SeqScan(pi) IndexScan(an person_id_aka_name) IndexScan(n name_pkey) IndexScan(ci person_id_cast_info) IndexScan(ml linked_movie_id_movie_link) IndexScan(it info_type_pkey) IndexScan(t title_pkey) IndexScan(lt link_type_pkey) NestLoop(pi an) NestLoop(pi an n) NestLoop(pi an n ci) NestLoop(pi an n ci ml) NestLoop(pi an n ci ml it) NestLoop(pi an n ci ml it t) NestLoop(pi an n ci ml it t lt) Leading((((((((pi an) n) ci) ml) it) t) lt)) */
"['%z%', 'mini biography', 'features', 'm', 'f', '%T%', 'Volker Boehm']",1,median,113.47842216491699,756.0608386993408,0.6176939,50,/*+  SeqScan(pi) IndexScan(an person_id_aka_name) IndexScan(n name_pkey) IndexScan(ci person_id_cast_info) IndexScan(ml linked_movie_id_movie_link) IndexScan(it info_type_pkey) IndexScan(t title_pkey) IndexScan(lt link_type_pkey) NestLoop(pi an) NestLoop(pi an n) NestLoop(pi an n ci) NestLoop(pi an n ci ml) NestLoop(pi an n ci ml it) NestLoop(pi an n ci ml it t) NestLoop(pi an n ci ml it t lt) Leading((((((((pi an) n) ci) ml) it) t) lt)) */
"['L%', 'mini biography', 'features', 'f', 'm', 'M%', 'Volker Boehm']",1,median,112.55550384521484,732.7835559844971,0.61605585,50,/*+  SeqScan(pi) IndexScan(an person_id_aka_name) IndexScan(n name_pkey) IndexScan(ci person_id_cast_info) IndexScan(ml linked_movie_id_movie_link) IndexScan(it info_type_pkey) IndexScan(t title_pkey) IndexScan(lt link_type_pkey) NestLoop(pi an) NestLoop(pi an n) NestLoop(pi an n ci) NestLoop(pi an n ci ml) NestLoop(pi an n ci ml it) NestLoop(pi an n ci ml it t) NestLoop(pi an n ci ml it t lt) Leading((((((((pi an) n) ci) ml) it) t) lt)) */
"['V%', 'mini biography', 'features', 'f', 'm', 'U%', 'Volker Boehm']",1,median,111.58370971679688,705.5885791778564,0.61515534,50,/*+  SeqScan(pi) IndexScan(an person_id_aka_name) IndexScan(n name_pkey) IndexScan(ci person_id_cast_info) IndexScan(ml linked_movie_id_movie_link) IndexScan(it info_type_pkey) IndexScan(t title_pkey) IndexScan(lt link_type_pkey) NestLoop(pi an) NestLoop(pi an n) NestLoop(pi an n ci) NestLoop(pi an n ci ml) NestLoop(pi an n ci ml it) NestLoop(pi an n ci ml it t) NestLoop(pi an n ci ml it t lt) Leading((((((((pi an) n) ci) ml) it) t) lt)) */
"['%b%', 'mini biography', 'features', 'm', 'f', '%Tim%', 'Volker Boehm']",1,median,124.11832809448242,836.4248275756836,0.6242656,50,/*+  SeqScan(pi) IndexScan(an person_id_aka_name) IndexScan(n name_pkey) IndexScan(ci person_id_cast_info) IndexScan(ml linked_movie_id_movie_link) IndexScan(it info_type_pkey) IndexScan(t title_pkey) IndexScan(lt link_type_pkey) NestLoop(pi an) NestLoop(pi an n) NestLoop(pi an n ci) NestLoop(pi an n ci ml) NestLoop(pi an n ci ml it) NestLoop(pi an n ci ml it t) NestLoop(pi an n ci ml it t lt) Leading((((((((pi an) n) ci) ml) it) t) lt)) */
"['V%', 'mini biography', 'features', 'f', 'm', '%K%', 'Volker Boehm']",1,median,111.8922233581543,707.1418762207031,0.61605585,50,/*+  SeqScan(pi) IndexScan(an person_id_aka_name) IndexScan(n name_pkey) IndexScan(ci person_id_cast_info) IndexScan(ml linked_movie_id_movie_link) IndexScan(it info_type_pkey) IndexScan(t title_pkey) IndexScan(lt link_type_pkey) NestLoop(pi an) NestLoop(pi an n) NestLoop(pi an n ci) NestLoop(pi an n ci ml) NestLoop(pi an n ci ml it) NestLoop(pi an n ci ml it t) NestLoop(pi an n ci ml it t lt) Leading((((((((pi an) n) ci) ml) it) t) lt)) */
"['%g%', 'mini biography', 'features', 'f', 'm', 'Q%', 'Volker Boehm']",1,median,112.38265037536621,791.7392253875732,0.610592,50,/*+  SeqScan(pi) IndexScan(an person_id_aka_name) IndexScan(n name_pkey) IndexScan(ci person_id_cast_info) IndexScan(ml linked_movie_id_movie_link) IndexScan(it info_type_pkey) IndexScan(t title_pkey) IndexScan(lt link_type_pkey) NestLoop(pi an) NestLoop(pi an n) NestLoop(pi an n ci) NestLoop(pi an n ci ml) NestLoop(pi an n ci ml it) NestLoop(pi an n ci ml it t) NestLoop(pi an n ci ml it t lt) Leading((((((((pi an) n) ci) ml) it) t) lt)) */
"['D%', 'mini biography', 'features', 'm', 'f', '%M%', 'Volker Boehm']",1,median,124.01103973388672,754.8234462738037,0.6152781,50,/*+  SeqScan(pi) IndexScan(an person_id_aka_name) IndexScan(n name_pkey) IndexScan(ci person_id_cast_info) IndexScan(ml linked_movie_id_movie_link) IndexScan(it info_type_pkey) IndexScan(t title_pkey) IndexScan(lt link_type_pkey) NestLoop(pi an) NestLoop(pi an n) NestLoop(pi an n ci) NestLoop(pi an n ci ml) NestLoop(pi an n ci ml it) NestLoop(pi an n ci ml it t) NestLoop(pi an n ci ml it t lt) Leading((((((((pi an) n) ci) ml) it) t) lt)) */
"['D%', 'mini biography', 'features', 'f', 'm', 'O%', 'Volker Boehm']",1,median,111.92607879638672,723.9363193511963,0.6087297,50,/*+  SeqScan(pi) IndexScan(an person_id_aka_name) IndexScan(n name_pkey) IndexScan(ci person_id_cast_info) IndexScan(ml linked_movie_id_movie_link) IndexScan(it info_type_pkey) IndexScan(t title_pkey) IndexScan(lt link_type_pkey) NestLoop(pi an) NestLoop(pi an n) NestLoop(pi an n ci) NestLoop(pi an n ci ml) NestLoop(pi an n ci ml it) NestLoop(pi an n ci ml it t) NestLoop(pi an n ci ml it t lt) Leading((((((((pi an) n) ci) ml) it) t) lt)) */
"['J%', 'mini biography', 'features', 'm', 'f', '%A%', 'Volker Boehm']",1,median,113.067626953125,744.9607849121094,0.62438923,50,/*+  SeqScan(pi) IndexScan(an person_id_aka_name) IndexScan(n name_pkey) IndexScan(ci person_id_cast_info) IndexScan(ml linked_movie_id_movie_link) IndexScan(it info_type_pkey) IndexScan(t title_pkey) IndexScan(lt link_type_pkey) NestLoop(pi an) NestLoop(pi an n) NestLoop(pi an n ci) NestLoop(pi an n ci ml) NestLoop(pi an n ci ml it) NestLoop(pi an n ci ml it t) NestLoop(pi an n ci ml it t lt) Leading((((((((pi an) n) ci) ml) it) t) lt)) */
"['%a%', 'mini biography', 'features', 'f', 'm', '%Downey%Robert%', 'Volker Boehm']",1,median,123.89826774597168,2184.274435043335,0.61351365,50,/*+  SeqScan(pi) IndexScan(an person_id_aka_name) IndexScan(n name_pkey) IndexScan(ci person_id_cast_info) IndexScan(ml linked_movie_id_movie_link) IndexScan(it info_type_pkey) IndexScan(t title_pkey) IndexScan(lt link_type_pkey) NestLoop(pi an) NestLoop(pi an n) NestLoop(pi an n ci) NestLoop(pi an n ci ml) NestLoop(pi an n ci ml it) NestLoop(pi an n ci ml it t) NestLoop(pi an n ci ml it t lt) Leading((((((((pi an) n) ci) ml) it) t) lt)) */
"['H%', 'mini biography', 'features', 'm', 'f', 'B%', 'Volker Boehm']",1,median,110.87822914123535,749.213457107544,0.6085834,50,/*+  SeqScan(pi) IndexScan(an person_id_aka_name) IndexScan(n name_pkey) IndexScan(ci person_id_cast_info) IndexScan(ml linked_movie_id_movie_link) IndexScan(it info_type_pkey) IndexScan(t title_pkey) IndexScan(lt link_type_pkey) NestLoop(pi an) NestLoop(pi an n) NestLoop(pi an n ci) NestLoop(pi an n ci ml) NestLoop(pi an n ci ml it) NestLoop(pi an n ci ml it t) NestLoop(pi an n ci ml it t lt) Leading((((((((pi an) n) ci) ml) it) t) lt)) */
"['%i%', 'mini biography', 'features', 'm', 'f', 'X%', 'Volker Boehm']",1,median,117.88296699523926,1285.576343536377,0.6244294,50,/*+  SeqScan(pi) IndexScan(an person_id_aka_name) IndexScan(n name_pkey) IndexScan(ci person_id_cast_info) IndexScan(ml linked_movie_id_movie_link) IndexScan(it info_type_pkey) IndexScan(t title_pkey) IndexScan(lt link_type_pkey) NestLoop(pi an) NestLoop(pi an n) NestLoop(pi an n ci) NestLoop(pi an n ci ml) NestLoop(pi an n ci ml it) NestLoop(pi an n ci ml it t) NestLoop(pi an n ci ml it t lt) Leading((((((((pi an) n) ci) ml) it) t) lt)) */
"['R%', 'mini biography', 'features', 'm', 'f', '%H%', 'Volker Boehm']",1,median,113.2192611694336,743.6339855194092,0.61494434,50,/*+  SeqScan(pi) IndexScan(an person_id_aka_name) IndexScan(n name_pkey) IndexScan(ci person_id_cast_info) IndexScan(ml linked_movie_id_movie_link) IndexScan(it info_type_pkey) IndexScan(t title_pkey) IndexScan(lt link_type_pkey) NestLoop(pi an) NestLoop(pi an n) NestLoop(pi an n ci) NestLoop(pi an n ci ml) NestLoop(pi an n ci ml it) NestLoop(pi an n ci ml it t) NestLoop(pi an n ci ml it t lt) Leading((((((((pi an) n) ci) ml) it) t) lt)) */
"['G%', 'mini biography', 'features', 'm', 'f', '%U%', 'Volker Boehm']",1,median,112.28799819946289,746.7648983001709,0.62010616,50,/*+  SeqScan(pi) IndexScan(an person_id_aka_name) IndexScan(n name_pkey) IndexScan(ci person_id_cast_info) IndexScan(ml linked_movie_id_movie_link) IndexScan(it info_type_pkey) IndexScan(t title_pkey) IndexScan(lt link_type_pkey) NestLoop(pi an) NestLoop(pi an n) NestLoop(pi an n ci) NestLoop(pi an n ci ml) NestLoop(pi an n ci ml it) NestLoop(pi an n ci ml it t) NestLoop(pi an n ci ml it t lt) Leading((((((((pi an) n) ci) ml) it) t) lt)) */
"['%y%', 'mini biography', 'features', 'f', 'm', '%H%', 'Volker Boehm']",1,median,116.5766716003418,895.0133323669434,0.60890734,50,/*+  SeqScan(pi) IndexScan(an person_id_aka_name) IndexScan(n name_pkey) IndexScan(ci person_id_cast_info) IndexScan(ml linked_movie_id_movie_link) IndexScan(it info_type_pkey) IndexScan(t title_pkey) IndexScan(lt link_type_pkey) NestLoop(pi an) NestLoop(pi an n) NestLoop(pi an n ci) NestLoop(pi an n ci ml) NestLoop(pi an n ci ml it) NestLoop(pi an n ci ml it t) NestLoop(pi an n ci ml it t lt) Leading((((((((pi an) n) ci) ml) it) t) lt)) */
"['%v%', 'mini biography', 'features', 'm', 'f', '%Tim%', 'Volker Boehm']",1,median,112.52331733703613,823.2500553131104,0.62310296,50,/*+  SeqScan(pi) IndexScan(an person_id_aka_name) IndexScan(n name_pkey) IndexScan(ci person_id_cast_info) IndexScan(ml linked_movie_id_movie_link) IndexScan(it info_type_pkey) IndexScan(t title_pkey) IndexScan(lt link_type_pkey) NestLoop(pi an) NestLoop(pi an n) NestLoop(pi an n ci) NestLoop(pi an n ci ml) NestLoop(pi an n ci ml it) NestLoop(pi an n ci ml it t) NestLoop(pi an n ci ml it t lt) Leading((((((((pi an) n) ci) ml) it) t) lt)) */
"['%a%', 'mini biography', 'features', 'f', 'm', '%C%', 'Volker Boehm']",1,median,115.87023735046387,2411.0310077667236,0.6091937,50,/*+  SeqScan(pi) IndexScan(an person_id_aka_name) IndexScan(n name_pkey) IndexScan(ci person_id_cast_info) IndexScan(ml linked_movie_id_movie_link) IndexScan(it info_type_pkey) IndexScan(t title_pkey) IndexScan(lt link_type_pkey) NestLoop(pi an) NestLoop(pi an n) NestLoop(pi an n ci) NestLoop(pi an n ci ml) NestLoop(pi an n ci ml it) NestLoop(pi an n ci ml it t) NestLoop(pi an n ci ml it t lt) Leading((((((((pi an) n) ci) ml) it) t) lt)) */
"['%l%', 'mini biography', 'features', 'f', 'm', '%H%', 'Volker Boehm']",1,median,121.05917930603027,1001.4469623565674,0.6144602,50,/*+  SeqScan(pi) IndexScan(an person_id_aka_name) IndexScan(n name_pkey) IndexScan(ci person_id_cast_info) IndexScan(ml linked_movie_id_movie_link) IndexScan(it info_type_pkey) IndexScan(t title_pkey) IndexScan(lt link_type_pkey) NestLoop(pi an) NestLoop(pi an n) NestLoop(pi an n ci) NestLoop(pi an n ci ml) NestLoop(pi an n ci ml it) NestLoop(pi an n ci ml it t) NestLoop(pi an n ci ml it t lt) Leading((((((((pi an) n) ci) ml) it) t) lt)) */
"['K%', 'mini biography', 'features', 'm', 'f', 'X%', 'Volker Boehm']",1,median,112.65444755554199,727.2615432739258,0.61140895,50,/*+  SeqScan(pi) IndexScan(an person_id_aka_name) IndexScan(n name_pkey) IndexScan(ci person_id_cast_info) IndexScan(ml linked_movie_id_movie_link) IndexScan(it info_type_pkey) IndexScan(t title_pkey) IndexScan(lt link_type_pkey) NestLoop(pi an) NestLoop(pi an n) NestLoop(pi an n ci) NestLoop(pi an n ci ml) NestLoop(pi an n ci ml it) NestLoop(pi an n ci ml it t) NestLoop(pi an n ci ml it t lt) Leading((((((((pi an) n) ci) ml) it) t) lt)) */
"['%z%', 'mini biography', 'features', 'f', 'm', 'M%', 'Volker Boehm']",1,median,111.94801330566406,737.8849983215332,0.60598457,50,/*+  SeqScan(pi) IndexScan(an person_id_aka_name) IndexScan(n name_pkey) IndexScan(ci person_id_cast_info) IndexScan(ml linked_movie_id_movie_link) IndexScan(it info_type_pkey) IndexScan(t title_pkey) IndexScan(lt link_type_pkey) NestLoop(pi an) NestLoop(pi an n) NestLoop(pi an n ci) NestLoop(pi an n ci ml) NestLoop(pi an n ci ml it) NestLoop(pi an n ci ml it t) NestLoop(pi an n ci ml it t lt) Leading((((((((pi an) n) ci) ml) it) t) lt)) */
"['%d%', 'mini biography', 'features', 'f', 'm', 'F%', 'Volker Boehm']",1,median,123.30150604248047,860.3308200836182,0.607402,50,/*+  SeqScan(pi) IndexScan(an person_id_aka_name) IndexScan(n name_pkey) IndexScan(ci person_id_cast_info) IndexScan(ml linked_movie_id_movie_link) IndexScan(it info_type_pkey) IndexScan(t title_pkey) IndexScan(lt link_type_pkey) NestLoop(pi an) NestLoop(pi an n) NestLoop(pi an n ci) NestLoop(pi an n ci ml) NestLoop(pi an n ci ml it) NestLoop(pi an n ci ml it t) NestLoop(pi an n ci ml it t lt) Leading((((((((pi an) n) ci) ml) it) t) lt)) */
"['A%', 'mini biography', 'features', 'f', 'm', '%Yo%', 'Volker Boehm']",1,median,128.05628776550293,718.632698059082,0.6235061,50,/*+  SeqScan(pi) IndexScan(an person_id_aka_name) IndexScan(n name_pkey) IndexScan(ci person_id_cast_info) IndexScan(ml linked_movie_id_movie_link) IndexScan(it info_type_pkey) IndexScan(t title_pkey) IndexScan(lt link_type_pkey) NestLoop(pi an) NestLoop(pi an n) NestLoop(pi an n ci) NestLoop(pi an n ci ml) NestLoop(pi an n ci ml it) NestLoop(pi an n ci ml it t) NestLoop(pi an n ci ml it t lt) Leading((((((((pi an) n) ci) ml) it) t) lt)) */
"['W%', 'mini biography', 'features', 'm', 'f', 'A%', 'Volker Boehm']",1,median,113.00349235534668,745.4438209533691,0.6244294,50,/*+  SeqScan(pi) IndexScan(an person_id_aka_name) IndexScan(n name_pkey) IndexScan(ci person_id_cast_info) IndexScan(ml linked_movie_id_movie_link) IndexScan(it info_type_pkey) IndexScan(t title_pkey) IndexScan(lt link_type_pkey) NestLoop(pi an) NestLoop(pi an n) NestLoop(pi an n ci) NestLoop(pi an n ci ml) NestLoop(pi an n ci ml it) NestLoop(pi an n ci ml it t) NestLoop(pi an n ci ml it t lt) Leading((((((((pi an) n) ci) ml) it) t) lt)) */
"['%r%', 'mini biography', 'features', 'm', 'f', '%Yo%', 'Volker Boehm']",1,median,116.55735969543457,1329.3683528900146,0.6237958,50,/*+  SeqScan(pi) IndexScan(an person_id_aka_name) IndexScan(n name_pkey) IndexScan(ci person_id_cast_info) IndexScan(ml linked_movie_id_movie_link) IndexScan(it info_type_pkey) IndexScan(t title_pkey) IndexScan(lt link_type_pkey) NestLoop(pi an) NestLoop(pi an n) NestLoop(pi an n ci) NestLoop(pi an n ci ml) NestLoop(pi an n ci ml it) NestLoop(pi an n ci ml it t) NestLoop(pi an n ci ml it t lt) Leading((((((((pi an) n) ci) ml) it) t) lt)) */
"['R%', 'mini biography', 'features', 'f', 'm', '%Ang%', 'Volker Boehm']",1,median,111.3276481628418,731.6911220550537,0.6098909,50,/*+  SeqScan(pi) IndexScan(an person_id_aka_name) IndexScan(n name_pkey) IndexScan(ci person_id_cast_info) IndexScan(ml linked_movie_id_movie_link) IndexScan(it info_type_pkey) IndexScan(t title_pkey) IndexScan(lt link_type_pkey) NestLoop(pi an) NestLoop(pi an n) NestLoop(pi an n ci) NestLoop(pi an n ci ml) NestLoop(pi an n ci ml it) NestLoop(pi an n ci ml it t) NestLoop(pi an n ci ml it t lt) Leading((((((((pi an) n) ci) ml) it) t) lt)) */
"['%e%', 'mini biography', 'features', 'm', 'f', '%V%', 'Volker Boehm']",1,median,115.3254508972168,3043.6043739318848,0.6204231,50,/*+  SeqScan(pi) IndexScan(an person_id_aka_name) IndexScan(n name_pkey) IndexScan(ci person_id_cast_info) IndexScan(ml linked_movie_id_movie_link) IndexScan(it info_type_pkey) IndexScan(t title_pkey) IndexScan(lt link_type_pkey) NestLoop(pi an) NestLoop(pi an n) NestLoop(pi an n ci) NestLoop(pi an n ci ml) NestLoop(pi an n ci ml it) NestLoop(pi an n ci ml it t) NestLoop(pi an n ci ml it t lt) Leading((((((((pi an) n) ci) ml) it) t) lt)) */
"['%e%', 'mini biography', 'features', 'm', 'f', 'L%', 'Volker Boehm']",1,median,114.3026351928711,3028.444290161133,0.61967534,50,/*+  SeqScan(pi) IndexScan(an person_id_aka_name) IndexScan(n name_pkey) IndexScan(ci person_id_cast_info) IndexScan(ml linked_movie_id_movie_link) IndexScan(it info_type_pkey) IndexScan(t title_pkey) IndexScan(lt link_type_pkey) NestLoop(pi an) NestLoop(pi an n) NestLoop(pi an n ci) NestLoop(pi an n ci ml) NestLoop(pi an n ci ml it) NestLoop(pi an n ci ml it t) NestLoop(pi an n ci ml it t lt) Leading((((((((pi an) n) ci) ml) it) t) lt)) */
"['%g%', 'mini biography', 'features', 'm', 'f', 'Z%', 'Volker Boehm']",1,median,110.75687408447266,900.0811576843262,0.6101274,50,/*+  SeqScan(pi) IndexScan(an person_id_aka_name) IndexScan(n name_pkey) IndexScan(ci person_id_cast_info) IndexScan(ml linked_movie_id_movie_link) IndexScan(it info_type_pkey) IndexScan(t title_pkey) IndexScan(lt link_type_pkey) NestLoop(pi an) NestLoop(pi an n) NestLoop(pi an n ci) NestLoop(pi an n ci ml) NestLoop(pi an n ci ml it) NestLoop(pi an n ci ml it t) NestLoop(pi an n ci ml it t lt) Leading((((((((pi an) n) ci) ml) it) t) lt)) */
"['%u%', 'mini biography', 'features', 'f', 'm', '%Downey%Robert%', 'Volker Boehm']",1,median,138.3798122406006,871.9406127929688,0.61419207,50,/*+  SeqScan(pi) IndexScan(an person_id_aka_name) IndexScan(n name_pkey) IndexScan(ci person_id_cast_info) IndexScan(ml linked_movie_id_movie_link) IndexScan(it info_type_pkey) IndexScan(t title_pkey) IndexScan(lt link_type_pkey) NestLoop(pi an) NestLoop(pi an n) NestLoop(pi an n ci) NestLoop(pi an n ci ml) NestLoop(pi an n ci ml it) NestLoop(pi an n ci ml it t) NestLoop(pi an n ci ml it t lt) Leading((((((((pi an) n) ci) ml) it) t) lt)) */
"['T%', 'mini biography', 'features', 'm', 'f', '%B%', 'Volker Boehm']",1,median,113.80982398986816,770.820140838623,0.6404628,50,/*+  SeqScan(pi) IndexScan(an person_id_aka_name) IndexScan(n name_pkey) IndexScan(ci person_id_cast_info) IndexScan(ml linked_movie_id_movie_link) IndexScan(it info_type_pkey) IndexScan(t title_pkey) IndexScan(lt link_type_pkey) NestLoop(pi an) NestLoop(pi an n) NestLoop(pi an n ci) NestLoop(pi an n ci ml) NestLoop(pi an n ci ml it) NestLoop(pi an n ci ml it t) NestLoop(pi an n ci ml it t lt) Leading((((((((pi an) n) ci) ml) it) t) lt)) */
"['E%', 'mini biography', 'features', 'm', 'f', '%S%', 'Volker Boehm']",1,median,112.23673820495605,718.0745601654053,0.617679,50,/*+  SeqScan(pi) IndexScan(an person_id_aka_name) IndexScan(n name_pkey) IndexScan(ci person_id_cast_info) IndexScan(ml linked_movie_id_movie_link) IndexScan(it info_type_pkey) IndexScan(t title_pkey) IndexScan(lt link_type_pkey) NestLoop(pi an) NestLoop(pi an n) NestLoop(pi an n ci) NestLoop(pi an n ci ml) NestLoop(pi an n ci ml it) NestLoop(pi an n ci ml it t) NestLoop(pi an n ci ml it t lt) Leading((((((((pi an) n) ci) ml) it) t) lt)) */
"['A%', 'mini biography', 'features', 'm', 'f', 'E%', 'Volker Boehm']",1,median,112.20741271972656,728.0933856964111,0.6277614,50,/*+  SeqScan(pi) IndexScan(an person_id_aka_name) IndexScan(n name_pkey) IndexScan(ci person_id_cast_info) IndexScan(ml linked_movie_id_movie_link) IndexScan(it info_type_pkey) IndexScan(t title_pkey) IndexScan(lt link_type_pkey) NestLoop(pi an) NestLoop(pi an n) NestLoop(pi an n ci) NestLoop(pi an n ci ml) NestLoop(pi an n ci ml it) NestLoop(pi an n ci ml it t) NestLoop(pi an n ci ml it t lt) Leading((((((((pi an) n) ci) ml) it) t) lt)) */
"['W%', 'mini biography', 'features', 'f', 'm', 'I%', 'Volker Boehm']",1,median,112.17570304870605,723.5021591186523,0.6179593,50,/*+  SeqScan(pi) IndexScan(an person_id_aka_name) IndexScan(n name_pkey) IndexScan(ci person_id_cast_info) IndexScan(ml linked_movie_id_movie_link) IndexScan(it info_type_pkey) IndexScan(t title_pkey) IndexScan(lt link_type_pkey) NestLoop(pi an) NestLoop(pi an n) NestLoop(pi an n ci) NestLoop(pi an n ci ml) NestLoop(pi an n ci ml it) NestLoop(pi an n ci ml it t) NestLoop(pi an n ci ml it t lt) Leading((((((((pi an) n) ci) ml) it) t) lt)) */
"['J%', 'mini biography', 'features', 'f', 'm', '%O%', 'Volker Boehm']",1,median,112.10012435913086,732.9788208007812,0.6221959,50,/*+  SeqScan(pi) IndexScan(an person_id_aka_name) IndexScan(n name_pkey) IndexScan(ci person_id_cast_info) IndexScan(ml linked_movie_id_movie_link) IndexScan(it info_type_pkey) IndexScan(t title_pkey) IndexScan(lt link_type_pkey) NestLoop(pi an) NestLoop(pi an n) NestLoop(pi an n ci) NestLoop(pi an n ci ml) NestLoop(pi an n ci ml it) NestLoop(pi an n ci ml it t) NestLoop(pi an n ci ml it t lt) Leading((((((((pi an) n) ci) ml) it) t) lt)) */
"['K%', 'mini biography', 'features', 'm', 'f', 'I%', 'Volker Boehm']",1,median,111.17339134216309,744.4748878479004,0.61055875,50,/*+  SeqScan(pi) IndexScan(an person_id_aka_name) IndexScan(n name_pkey) IndexScan(ci person_id_cast_info) IndexScan(ml linked_movie_id_movie_link) IndexScan(it info_type_pkey) IndexScan(t title_pkey) IndexScan(lt link_type_pkey) NestLoop(pi an) NestLoop(pi an n) NestLoop(pi an n ci) NestLoop(pi an n ci ml) NestLoop(pi an n ci ml it) NestLoop(pi an n ci ml it t) NestLoop(pi an n ci ml it t lt) Leading((((((((pi an) n) ci) ml) it) t) lt)) */
"['%p%', 'mini biography', 'features', 'm', 'f', 'X%', 'Volker Boehm']",1,median,110.57090759277344,826.4279365539551,0.6228492,50,/*+  SeqScan(pi) IndexScan(an person_id_aka_name) IndexScan(n name_pkey) IndexScan(ci person_id_cast_info) IndexScan(ml linked_movie_id_movie_link) IndexScan(it info_type_pkey) IndexScan(t title_pkey) IndexScan(lt link_type_pkey) NestLoop(pi an) NestLoop(pi an n) NestLoop(pi an n ci) NestLoop(pi an n ci ml) NestLoop(pi an n ci ml it) NestLoop(pi an n ci ml it t) NestLoop(pi an n ci ml it t lt) Leading((((((((pi an) n) ci) ml) it) t) lt)) */
"['E%', 'mini biography', 'features', 'm', 'f', 'M%', 'Volker Boehm']",1,median,112.58959770202637,710.1211547851562,0.6244294,50,/*+  SeqScan(pi) IndexScan(an person_id_aka_name) IndexScan(n name_pkey) IndexScan(ci person_id_cast_info) IndexScan(ml linked_movie_id_movie_link) IndexScan(it info_type_pkey) IndexScan(t title_pkey) IndexScan(lt link_type_pkey) NestLoop(pi an) NestLoop(pi an n) NestLoop(pi an n ci) NestLoop(pi an n ci ml) NestLoop(pi an n ci ml it) NestLoop(pi an n ci ml it t) NestLoop(pi an n ci ml it t lt) Leading((((((((pi an) n) ci) ml) it) t) lt)) */
"['%v%', 'mini biography', 'features', 'f', 'm', '%Tim%', 'Volker Boehm']",1,median,112.32280731201172,755.873441696167,0.61854327,50,/*+  SeqScan(pi) IndexScan(an person_id_aka_name) IndexScan(n name_pkey) IndexScan(ci person_id_cast_info) IndexScan(ml linked_movie_id_movie_link) IndexScan(it info_type_pkey) IndexScan(t title_pkey) IndexScan(lt link_type_pkey) NestLoop(pi an) NestLoop(pi an n) NestLoop(pi an n ci) NestLoop(pi an n ci ml) NestLoop(pi an n ci ml it) NestLoop(pi an n ci ml it t) NestLoop(pi an n ci ml it t lt) Leading((((((((pi an) n) ci) ml) it) t) lt)) */
"['%x%', 'mini biography', 'features', 'm', 'f', 'F%', 'Volker Boehm']",1,median,109.94362831115723,743.0388927459717,0.6244294,50,/*+  SeqScan(pi) IndexScan(an person_id_aka_name) IndexScan(n name_pkey) IndexScan(ci person_id_cast_info) IndexScan(ml linked_movie_id_movie_link) IndexScan(it info_type_pkey) IndexScan(t title_pkey) IndexScan(lt link_type_pkey) NestLoop(pi an) NestLoop(pi an n) NestLoop(pi an n ci) NestLoop(pi an n ci ml) NestLoop(pi an n ci ml it) NestLoop(pi an n ci ml it t) NestLoop(pi an n ci ml it t lt) Leading((((((((pi an) n) ci) ml) it) t) lt)) */
"['J%', 'mini biography', 'features', 'm', 'f', 'V%', 'Volker Boehm']",1,median,112.35904693603516,754.4326782226562,0.6244294,50,/*+  SeqScan(pi) IndexScan(an person_id_aka_name) IndexScan(n name_pkey) IndexScan(ci person_id_cast_info) IndexScan(ml linked_movie_id_movie_link) IndexScan(it info_type_pkey) IndexScan(t title_pkey) IndexScan(lt link_type_pkey) NestLoop(pi an) NestLoop(pi an n) NestLoop(pi an n ci) NestLoop(pi an n ci ml) NestLoop(pi an n ci ml it) NestLoop(pi an n ci ml it t) NestLoop(pi an n ci ml it t lt) Leading((((((((pi an) n) ci) ml) it) t) lt)) */
"['%b%', 'mini biography', 'features', 'f', 'm', '%Downey%Robert%', 'Volker Boehm']",1,median,113.50703239440918,792.9954528808594,0.6092002,50,/*+  SeqScan(pi) IndexScan(an person_id_aka_name) IndexScan(n name_pkey) IndexScan(ci person_id_cast_info) IndexScan(ml linked_movie_id_movie_link) IndexScan(it info_type_pkey) IndexScan(t title_pkey) IndexScan(lt link_type_pkey) NestLoop(pi an) NestLoop(pi an n) NestLoop(pi an n ci) NestLoop(pi an n ci ml) NestLoop(pi an n ci ml it) NestLoop(pi an n ci ml it t) NestLoop(pi an n ci ml it t lt) Leading((((((((pi an) n) ci) ml) it) t) lt)) */
"['D%', 'mini biography', 'features', 'm', 'f', '%Downey%Robert%', 'Volker Boehm']",1,median,113.1281852722168,746.6750144958496,0.608524,50,/*+  SeqScan(pi) IndexScan(an person_id_aka_name) IndexScan(n name_pkey) IndexScan(ci person_id_cast_info) IndexScan(ml linked_movie_id_movie_link) IndexScan(it info_type_pkey) IndexScan(t title_pkey) IndexScan(lt link_type_pkey) NestLoop(pi an) NestLoop(pi an n) NestLoop(pi an n ci) NestLoop(pi an n ci ml) NestLoop(pi an n ci ml it) NestLoop(pi an n ci ml it t) NestLoop(pi an n ci ml it t lt) Leading((((((((pi an) n) ci) ml) it) t) lt)) */
"['%a%', 'mini biography', 'features', 'm', 'f', '%Ang%', 'Volker Boehm']",1,median,118.54791641235352,2998.4002113342285,0.61594653,50,/*+  SeqScan(pi) IndexScan(an person_id_aka_name) IndexScan(n name_pkey) IndexScan(ci person_id_cast_info) IndexScan(ml linked_movie_id_movie_link) IndexScan(it info_type_pkey) IndexScan(t title_pkey) IndexScan(lt link_type_pkey) NestLoop(pi an) NestLoop(pi an n) NestLoop(pi an n ci) NestLoop(pi an n ci ml) NestLoop(pi an n ci ml it) NestLoop(pi an n ci ml it t) NestLoop(pi an n ci ml it t lt) Leading((((((((pi an) n) ci) ml) it) t) lt)) */
"['K%', 'mini biography', 'features', 'f', 'm', 'D%', 'Volker Boehm']",1,median,111.85288429260254,712.4965190887451,0.60764736,50,/*+  SeqScan(pi) IndexScan(an person_id_aka_name) IndexScan(n name_pkey) IndexScan(ci person_id_cast_info) IndexScan(ml linked_movie_id_movie_link) IndexScan(it info_type_pkey) IndexScan(t title_pkey) IndexScan(lt link_type_pkey) NestLoop(pi an) NestLoop(pi an n) NestLoop(pi an n ci) NestLoop(pi an n ci ml) NestLoop(pi an n ci ml it) NestLoop(pi an n ci ml it t) NestLoop(pi an n ci ml it t lt) Leading((((((((pi an) n) ci) ml) it) t) lt)) */
"['W%', 'mini biography', 'features', 'f', 'm', '%Downey%Robert%', 'Volker Boehm']",1,median,112.57219314575195,704.0400505065918,0.6170018,50,/*+  SeqScan(pi) IndexScan(an person_id_aka_name) IndexScan(n name_pkey) IndexScan(ci person_id_cast_info) IndexScan(ml linked_movie_id_movie_link) IndexScan(it info_type_pkey) IndexScan(t title_pkey) IndexScan(lt link_type_pkey) NestLoop(pi an) NestLoop(pi an n) NestLoop(pi an n ci) NestLoop(pi an n ci ml) NestLoop(pi an n ci ml it) NestLoop(pi an n ci ml it t) NestLoop(pi an n ci ml it t lt) Leading((((((((pi an) n) ci) ml) it) t) lt)) */
"['J%', 'mini biography', 'features', 'm', 'f', '%J%', 'Volker Boehm']",1,median,112.77365684509277,755.4473876953125,0.6314744,50,/*+  SeqScan(pi) IndexScan(an person_id_aka_name) IndexScan(n name_pkey) IndexScan(ci person_id_cast_info) IndexScan(ml linked_movie_id_movie_link) IndexScan(it info_type_pkey) IndexScan(t title_pkey) IndexScan(lt link_type_pkey) NestLoop(pi an) NestLoop(pi an n) NestLoop(pi an n ci) NestLoop(pi an n ci ml) NestLoop(pi an n ci ml it) NestLoop(pi an n ci ml it t) NestLoop(pi an n ci ml it t lt) Leading((((((((pi an) n) ci) ml) it) t) lt)) */
"['%e%', 'mini biography', 'features', 'm', 'f', 'Q%', 'Volker Boehm']",1,median,119.35186386108398,2987.9398345947266,0.6190477,50,/*+  SeqScan(pi) IndexScan(an person_id_aka_name) IndexScan(n name_pkey) IndexScan(ci person_id_cast_info) IndexScan(ml linked_movie_id_movie_link) IndexScan(it info_type_pkey) IndexScan(t title_pkey) IndexScan(lt link_type_pkey) NestLoop(pi an) NestLoop(pi an n) NestLoop(pi an n ci) NestLoop(pi an n ci ml) NestLoop(pi an n ci ml it) NestLoop(pi an n ci ml it t) NestLoop(pi an n ci ml it t lt) Leading((((((((pi an) n) ci) ml) it) t) lt)) */
