params,frequency,run,hinted_latency,default_latency,confidence,plan_id,plan_content
"['%a%', 'mini biography', 'features', 'm', 'f', '%t%', 'Jim Beaver <jumblejim@prodigy.net>']",1,median,43.45107078552246,6.53386116027832,0.6904556,76,/*+  SeqScan(pi) SeqScan(it) IndexScan(n name_pkey) IndexScan(an person_id_aka_name) IndexScan(ci person_id_cast_info) IndexScan(ml linked_movie_id_movie_link) IndexScan(t title_pkey) IndexScan(lt link_type_pkey) HashJoin(pi it) NestLoop(pi it n) NestLoop(pi it n an) NestLoop(pi it n an ci) NestLoop(pi it n an ci ml) NestLoop(pi it n an ci ml t) NestLoop(pi it n an ci ml t lt) Leading((((((((pi it) n) an) ci) ml) t) lt)) */
"['%i%', 'mini biography', 'spoofs', 'm', 'f', '%o%', 'Eli Minelli EnCarte']",1,median,32.541513442993164,8.177757263183594,0.69881916,76,/*+  SeqScan(pi) SeqScan(it) IndexScan(n name_pkey) IndexScan(an person_id_aka_name) IndexScan(ci person_id_cast_info) IndexScan(ml linked_movie_id_movie_link) IndexScan(t title_pkey) IndexScan(lt link_type_pkey) HashJoin(pi it) NestLoop(pi it n) NestLoop(pi it n an) NestLoop(pi it n an ci) NestLoop(pi it n an ci ml) NestLoop(pi it n an ci ml t) NestLoop(pi it n an ci ml t lt) Leading((((((((pi it) n) an) ci) ml) t) lt)) */
"['%t%', 'mini biography', 'featured in', 'f', 'm', '%h%', 'des']",1,median,32.02414512634277,27.358293533325195,0.6924166,76,/*+  SeqScan(pi) SeqScan(it) IndexScan(n name_pkey) IndexScan(an person_id_aka_name) IndexScan(ci person_id_cast_info) IndexScan(ml linked_movie_id_movie_link) IndexScan(t title_pkey) IndexScan(lt link_type_pkey) HashJoin(pi it) NestLoop(pi it n) NestLoop(pi it n an) NestLoop(pi it n an ci) NestLoop(pi it n an ci ml) NestLoop(pi it n an ci ml t) NestLoop(pi it n an ci ml t lt) Leading((((((((pi it) n) an) ci) ml) t) lt)) */
"['%,%', 'mini biography', 'spoofs', 'm', 'f', '%,%', 'Unknown']",1,median,31.19349479675293,8.10694694519043,0.691443,76,/*+  SeqScan(pi) SeqScan(it) IndexScan(n name_pkey) IndexScan(an person_id_aka_name) IndexScan(ci person_id_cast_info) IndexScan(ml linked_movie_id_movie_link) IndexScan(t title_pkey) IndexScan(lt link_type_pkey) HashJoin(pi it) NestLoop(pi it n) NestLoop(pi it n an) NestLoop(pi it n an ci) NestLoop(pi it n an ci ml) NestLoop(pi it n an ci ml t) NestLoop(pi it n an ci ml t lt) Leading((((((((pi it) n) an) ci) ml) t) lt)) */
"['%y%', 'mini biography', 'version of', 'm', 'f', '%r%', 'I.S.Mowis']",1,median,37.14704513549805,53.858041763305664,0.6903894,76,/*+  SeqScan(pi) SeqScan(it) IndexScan(n name_pkey) IndexScan(an person_id_aka_name) IndexScan(ci person_id_cast_info) IndexScan(ml linked_movie_id_movie_link) IndexScan(t title_pkey) IndexScan(lt link_type_pkey) HashJoin(pi it) NestLoop(pi it n) NestLoop(pi it n an) NestLoop(pi it n an ci) NestLoop(pi it n an ci ml) NestLoop(pi it n an ci ml t) NestLoop(pi it n an ci ml t lt) Leading((((((((pi it) n) an) ci) ml) t) lt)) */
"['%e%', 'mini biography', 'referenced in', 'f', 'm', '%a%', '-']",1,median,34.01923179626465,28.449058532714844,0.6805233,76,/*+  SeqScan(pi) SeqScan(it) IndexScan(n name_pkey) IndexScan(an person_id_aka_name) IndexScan(ci person_id_cast_info) IndexScan(ml linked_movie_id_movie_link) IndexScan(t title_pkey) IndexScan(lt link_type_pkey) HashJoin(pi it) NestLoop(pi it n) NestLoop(pi it n an) NestLoop(pi it n an ci) NestLoop(pi it n an ci ml) NestLoop(pi it n an ci ml t) NestLoop(pi it n an ci ml t lt) Leading((((((((pi it) n) an) ci) ml) t) lt)) */
"['%u%', 'mini biography', 'references', 'f', 'm', '%h%', 'Rachel Grant']",1,median,34.00230407714844,44.3570613861084,0.6999743,76,/*+  SeqScan(pi) SeqScan(it) IndexScan(n name_pkey) IndexScan(an person_id_aka_name) IndexScan(ci person_id_cast_info) IndexScan(ml linked_movie_id_movie_link) IndexScan(t title_pkey) IndexScan(lt link_type_pkey) HashJoin(pi it) NestLoop(pi it n) NestLoop(pi it n an) NestLoop(pi it n an ci) NestLoop(pi it n an ci ml) NestLoop(pi it n an ci ml t) NestLoop(pi it n an ci ml t lt) Leading((((((((pi it) n) an) ci) ml) t) lt)) */
"['%c%', 'mini biography', 'features', 'f', 'm', '%n%', 'Anonymous']",1,median,38.00821304321289,24.581193923950195,0.6922693,76,/*+  SeqScan(pi) SeqScan(it) IndexScan(n name_pkey) IndexScan(an person_id_aka_name) IndexScan(ci person_id_cast_info) IndexScan(ml linked_movie_id_movie_link) IndexScan(t title_pkey) IndexScan(lt link_type_pkey) HashJoin(pi it) NestLoop(pi it n) NestLoop(pi it n an) NestLoop(pi it n an ci) NestLoop(pi it n an ci ml) NestLoop(pi it n an ci ml t) NestLoop(pi it n an ci ml t lt) Leading((((((((pi it) n) an) ci) ml) t) lt)) */
"['%R%', 'mini biography', 'references', 'f', 'm', '%s%', 'Michael Cound']",1,median,31.357288360595703,40.732622146606445,0.69427425,76,/*+  SeqScan(pi) SeqScan(it) IndexScan(n name_pkey) IndexScan(an person_id_aka_name) IndexScan(ci person_id_cast_info) IndexScan(ml linked_movie_id_movie_link) IndexScan(t title_pkey) IndexScan(lt link_type_pkey) HashJoin(pi it) NestLoop(pi it n) NestLoop(pi it n an) NestLoop(pi it n an ci) NestLoop(pi it n an ci ml) NestLoop(pi it n an ci ml t) NestLoop(pi it n an ci ml t lt) Leading((((((((pi it) n) an) ci) ml) t) lt)) */
"['%r%', 'mini biography', 'version of', 'f', 'm', '%,%', 'Jon C. Hopwood']",1,median,47.96123504638672,81.07542991638184,0.6968088,76,/*+  SeqScan(pi) SeqScan(it) IndexScan(n name_pkey) IndexScan(an person_id_aka_name) IndexScan(ci person_id_cast_info) IndexScan(ml linked_movie_id_movie_link) IndexScan(t title_pkey) IndexScan(lt link_type_pkey) HashJoin(pi it) NestLoop(pi it n) NestLoop(pi it n an) NestLoop(pi it n an ci) NestLoop(pi it n an ci ml) NestLoop(pi it n an ci ml t) NestLoop(pi it n an ci ml t lt) Leading((((((((pi it) n) an) ci) ml) t) lt)) */
"['%i%', 'mini biography', 'featured in', 'f', 'm', '%M%', 'Denny Jackson']",1,median,31.836509704589844,8.099794387817383,0.69886523,76,/*+  SeqScan(pi) SeqScan(it) IndexScan(n name_pkey) IndexScan(an person_id_aka_name) IndexScan(ci person_id_cast_info) IndexScan(ml linked_movie_id_movie_link) IndexScan(t title_pkey) IndexScan(lt link_type_pkey) HashJoin(pi it) NestLoop(pi it n) NestLoop(pi it n an) NestLoop(pi it n an ci) NestLoop(pi it n an ci ml) NestLoop(pi it n an ci ml t) NestLoop(pi it n an ci ml t lt) Leading((((((((pi it) n) an) ci) ml) t) lt)) */
"['%o%', 'mini biography', 'features', 'm', 'f', '%S%', 'A. Nonymous']",1,median,32.213687896728516,5.673408508300781,0.69358045,76,/*+  SeqScan(pi) SeqScan(it) IndexScan(n name_pkey) IndexScan(an person_id_aka_name) IndexScan(ci person_id_cast_info) IndexScan(ml linked_movie_id_movie_link) IndexScan(t title_pkey) IndexScan(lt link_type_pkey) HashJoin(pi it) NestLoop(pi it n) NestLoop(pi it n an) NestLoop(pi it n an ci) NestLoop(pi it n an ci ml) NestLoop(pi it n an ci ml t) NestLoop(pi it n an ci ml t lt) Leading((((((((pi it) n) an) ci) ml) t) lt)) */
"['%p%', 'mini biography', 'references', 'm', 'f', '%r%', 'Triune Publicity']",1,median,31.699657440185547,46.74530029296875,0.6858754,76,/*+  SeqScan(pi) SeqScan(it) IndexScan(n name_pkey) IndexScan(an person_id_aka_name) IndexScan(ci person_id_cast_info) IndexScan(ml linked_movie_id_movie_link) IndexScan(t title_pkey) IndexScan(lt link_type_pkey) HashJoin(pi it) NestLoop(pi it n) NestLoop(pi it n an) NestLoop(pi it n an ci) NestLoop(pi it n an ci ml) NestLoop(pi it n an ci ml t) NestLoop(pi it n an ci ml t lt) Leading((((((((pi it) n) an) ci) ml) t) lt)) */
"['%h%', 'mini biography', 'referenced in', 'f', 'm', '%,%', 'Tom Weaver <TomWeavr@aol.com>']",1,median,32.624244689941406,35.79211235046387,0.6904429,76,/*+  SeqScan(pi) SeqScan(it) IndexScan(n name_pkey) IndexScan(an person_id_aka_name) IndexScan(ci person_id_cast_info) IndexScan(ml linked_movie_id_movie_link) IndexScan(t title_pkey) IndexScan(lt link_type_pkey) HashJoin(pi it) NestLoop(pi it n) NestLoop(pi it n an) NestLoop(pi it n an ci) NestLoop(pi it n an ci ml) NestLoop(pi it n an ci ml t) NestLoop(pi it n an ci ml t lt) Leading((((((((pi it) n) an) ci) ml) t) lt)) */
"['%r%', 'mini biography', 'references', 'm', 'f', '%n%', 'Matthew Patay']",1,median,36.324262619018555,58.336734771728516,0.7005936,76,/*+  SeqScan(pi) SeqScan(it) IndexScan(n name_pkey) IndexScan(an person_id_aka_name) IndexScan(ci person_id_cast_info) IndexScan(ml linked_movie_id_movie_link) IndexScan(t title_pkey) IndexScan(lt link_type_pkey) HashJoin(pi it) NestLoop(pi it n) NestLoop(pi it n an) NestLoop(pi it n an ci) NestLoop(pi it n an ci ml) NestLoop(pi it n an ci ml t) NestLoop(pi it n an ci ml t lt) Leading((((((((pi it) n) an) ci) ml) t) lt)) */
"['%C%', 'mini biography', 'follows', 'm', 'f', '%w%', 'Dr Dre']",1,median,31.43930435180664,25.907039642333984,0.6907459,76,/*+  SeqScan(pi) SeqScan(it) IndexScan(n name_pkey) IndexScan(an person_id_aka_name) IndexScan(ci person_id_cast_info) IndexScan(ml linked_movie_id_movie_link) IndexScan(t title_pkey) IndexScan(lt link_type_pkey) HashJoin(pi it) NestLoop(pi it n) NestLoop(pi it n an) NestLoop(pi it n an ci) NestLoop(pi it n an ci ml) NestLoop(pi it n an ci ml t) NestLoop(pi it n an ci ml t lt) Leading((((((((pi it) n) an) ci) ml) t) lt)) */
"['%t%', 'mini biography', 'features', 'm', 'f', '%v%', 'SteveG']",1,median,30.52067756652832,24.363994598388672,0.68563724,76,/*+  SeqScan(pi) SeqScan(it) IndexScan(n name_pkey) IndexScan(an person_id_aka_name) IndexScan(ci person_id_cast_info) IndexScan(ml linked_movie_id_movie_link) IndexScan(t title_pkey) IndexScan(lt link_type_pkey) HashJoin(pi it) NestLoop(pi it n) NestLoop(pi it n an) NestLoop(pi it n an ci) NestLoop(pi it n an ci ml) NestLoop(pi it n an ci ml t) NestLoop(pi it n an ci ml t lt) Leading((((((((pi it) n) an) ci) ml) t) lt)) */
"['%i%', 'mini biography', 'references', 'f', 'm', '%B%', 'Gary Brumburgh / gr-home@pacbell.net']",1,median,35.57562828063965,52.43873596191406,0.6949605,76,/*+  SeqScan(pi) SeqScan(it) IndexScan(n name_pkey) IndexScan(an person_id_aka_name) IndexScan(ci person_id_cast_info) IndexScan(ml linked_movie_id_movie_link) IndexScan(t title_pkey) IndexScan(lt link_type_pkey) HashJoin(pi it) NestLoop(pi it n) NestLoop(pi it n an) NestLoop(pi it n an ci) NestLoop(pi it n an ci ml) NestLoop(pi it n an ci ml t) NestLoop(pi it n an ci ml t lt) Leading((((((((pi it) n) an) ci) ml) t) lt)) */
"['%e%', 'mini biography', 'referenced in', 'f', 'm', '%G%', 'Calliope']",1,median,30.733346939086914,40.22955894470215,0.6894435,76,/*+  SeqScan(pi) SeqScan(it) IndexScan(n name_pkey) IndexScan(an person_id_aka_name) IndexScan(ci person_id_cast_info) IndexScan(ml linked_movie_id_movie_link) IndexScan(t title_pkey) IndexScan(lt link_type_pkey) HashJoin(pi it) NestLoop(pi it n) NestLoop(pi it n an) NestLoop(pi it n an ci) NestLoop(pi it n an ci ml) NestLoop(pi it n an ci ml t) NestLoop(pi it n an ci ml t lt) Leading((((((((pi it) n) an) ci) ml) t) lt)) */
"['%W%', 'mini biography', 'spoofed in', 'm', 'f', '%e%', 'Rod Reece']",1,median,31.135082244873047,31.179428100585938,0.69551605,76,/*+  SeqScan(pi) SeqScan(it) IndexScan(n name_pkey) IndexScan(an person_id_aka_name) IndexScan(ci person_id_cast_info) IndexScan(ml linked_movie_id_movie_link) IndexScan(t title_pkey) IndexScan(lt link_type_pkey) HashJoin(pi it) NestLoop(pi it n) NestLoop(pi it n an) NestLoop(pi it n an ci) NestLoop(pi it n an ci ml) NestLoop(pi it n an ci ml t) NestLoop(pi it n an ci ml t lt) Leading((((((((pi it) n) an) ci) ml) t) lt)) */
"['%n%', 'mini biography', 'references', 'm', 'f', '%,%', 'Anonymous']",1,median,46.26941680908203,60.090065002441406,0.67726517,76,/*+  SeqScan(pi) SeqScan(it) IndexScan(n name_pkey) IndexScan(an person_id_aka_name) IndexScan(ci person_id_cast_info) IndexScan(ml linked_movie_id_movie_link) IndexScan(t title_pkey) IndexScan(lt link_type_pkey) HashJoin(pi it) NestLoop(pi it n) NestLoop(pi it n an) NestLoop(pi it n an ci) NestLoop(pi it n an ci ml) NestLoop(pi it n an ci ml t) NestLoop(pi it n an ci ml t lt) Leading((((((((pi it) n) an) ci) ml) t) lt)) */
"['%o%', 'mini biography', 'features', 'f', 'm', '%a%', 'Tripp, MyPrivateEmail@go.com']",1,median,29.97446060180664,5.71751594543457,0.69082814,76,/*+  SeqScan(pi) SeqScan(it) IndexScan(n name_pkey) IndexScan(an person_id_aka_name) IndexScan(ci person_id_cast_info) IndexScan(ml linked_movie_id_movie_link) IndexScan(t title_pkey) IndexScan(lt link_type_pkey) HashJoin(pi it) NestLoop(pi it n) NestLoop(pi it n an) NestLoop(pi it n an ci) NestLoop(pi it n an ci ml) NestLoop(pi it n an ci ml t) NestLoop(pi it n an ci ml t lt) Leading((((((((pi it) n) an) ci) ml) t) lt)) */
"['%C%', 'mini biography', 'references', 'm', 'f', '%J%', 'Steven W. Ho']",1,median,34.902095794677734,44.02351379394531,0.69479597,76,/*+  SeqScan(pi) SeqScan(it) IndexScan(n name_pkey) IndexScan(an person_id_aka_name) IndexScan(ci person_id_cast_info) IndexScan(ml linked_movie_id_movie_link) IndexScan(t title_pkey) IndexScan(lt link_type_pkey) HashJoin(pi it) NestLoop(pi it n) NestLoop(pi it n an) NestLoop(pi it n an ci) NestLoop(pi it n an ci ml) NestLoop(pi it n an ci ml t) NestLoop(pi it n an ci ml t lt) Leading((((((((pi it) n) an) ci) ml) t) lt)) */
"['%s%', 'mini biography', 'features', 'm', 'f', '%e%', ""Troy Howarth <garyhowarth@webtv.net> (qv''s & corrections by A. Nonymous)""]",1,median,32.11832046508789,25.359153747558594,0.6896151,76,/*+  SeqScan(pi) SeqScan(it) IndexScan(n name_pkey) IndexScan(an person_id_aka_name) IndexScan(ci person_id_cast_info) IndexScan(ml linked_movie_id_movie_link) IndexScan(t title_pkey) IndexScan(lt link_type_pkey) HashJoin(pi it) NestLoop(pi it n) NestLoop(pi it n an) NestLoop(pi it n an ci) NestLoop(pi it n an ci ml) NestLoop(pi it n an ci ml t) NestLoop(pi it n an ci ml t lt) Leading((((((((pi it) n) an) ci) ml) t) lt)) */
"['%n%', 'mini biography', 'edited from', 'm', 'f', '%k%', 'Annonymous']",1,median,31.711339950561523,5.5141448974609375,0.6891711,76,/*+  SeqScan(pi) SeqScan(it) IndexScan(n name_pkey) IndexScan(an person_id_aka_name) IndexScan(ci person_id_cast_info) IndexScan(ml linked_movie_id_movie_link) IndexScan(t title_pkey) IndexScan(lt link_type_pkey) HashJoin(pi it) NestLoop(pi it n) NestLoop(pi it n an) NestLoop(pi it n an ci) NestLoop(pi it n an ci ml) NestLoop(pi it n an ci ml t) NestLoop(pi it n an ci ml t lt) Leading((((((((pi it) n) an) ci) ml) t) lt)) */
"['%t%', 'mini biography', 'features', 'm', 'f', '%M%', 'Gary Brumburgh / gr-home@pacbell.net']",1,median,41.70346260070801,25.112390518188477,0.6900402,76,/*+  SeqScan(pi) SeqScan(it) IndexScan(n name_pkey) IndexScan(an person_id_aka_name) IndexScan(ci person_id_cast_info) IndexScan(ml linked_movie_id_movie_link) IndexScan(t title_pkey) IndexScan(lt link_type_pkey) HashJoin(pi it) NestLoop(pi it n) NestLoop(pi it n an) NestLoop(pi it n an ci) NestLoop(pi it n an ci ml) NestLoop(pi it n an ci ml t) NestLoop(pi it n an ci ml t lt) Leading((((((((pi it) n) an) ci) ml) t) lt)) */
"['%n%', 'mini biography', 'references', 'm', 'f', '%i%', 'Tony Fontana <tony.fontana@spacebbs.com>']",1,median,38.56492042541504,59.95965003967285,0.68080133,76,/*+  SeqScan(pi) SeqScan(it) IndexScan(n name_pkey) IndexScan(an person_id_aka_name) IndexScan(ci person_id_cast_info) IndexScan(ml linked_movie_id_movie_link) IndexScan(t title_pkey) IndexScan(lt link_type_pkey) HashJoin(pi it) NestLoop(pi it n) NestLoop(pi it n an) NestLoop(pi it n an ci) NestLoop(pi it n an ci ml) NestLoop(pi it n an ci ml t) NestLoop(pi it n an ci ml t lt) Leading((((((((pi it) n) an) ci) ml) t) lt)) */
"['%e%', 'mini biography', 'references', 'm', 'f', '%,%', 'F.Reid']",1,median,35.67385673522949,58.893442153930664,0.68323934,76,/*+  SeqScan(pi) SeqScan(it) IndexScan(n name_pkey) IndexScan(an person_id_aka_name) IndexScan(ci person_id_cast_info) IndexScan(ml linked_movie_id_movie_link) IndexScan(t title_pkey) IndexScan(lt link_type_pkey) HashJoin(pi it) NestLoop(pi it n) NestLoop(pi it n an) NestLoop(pi it n an ci) NestLoop(pi it n an ci ml) NestLoop(pi it n an ci ml t) NestLoop(pi it n an ci ml t lt) Leading((((((((pi it) n) an) ci) ml) t) lt)) */
"['%J%', 'mini biography', 'referenced in', 'm', 'f', '%a%', 'Kim Uczkowski']",1,median,31.003236770629883,33.887386322021484,0.6991391,76,/*+  SeqScan(pi) SeqScan(it) IndexScan(n name_pkey) IndexScan(an person_id_aka_name) IndexScan(ci person_id_cast_info) IndexScan(ml linked_movie_id_movie_link) IndexScan(t title_pkey) IndexScan(lt link_type_pkey) HashJoin(pi it) NestLoop(pi it n) NestLoop(pi it n an) NestLoop(pi it n an ci) NestLoop(pi it n an ci ml) NestLoop(pi it n an ci ml t) NestLoop(pi it n an ci ml t lt) Leading((((((((pi it) n) an) ci) ml) t) lt)) */
"['%E%', 'mini biography', 'featured in', 'm', 'f', '%M%', 'Steve Honig']",1,median,31.757831573486328,24.76358413696289,0.69502145,76,/*+  SeqScan(pi) SeqScan(it) IndexScan(n name_pkey) IndexScan(an person_id_aka_name) IndexScan(ci person_id_cast_info) IndexScan(ml linked_movie_id_movie_link) IndexScan(t title_pkey) IndexScan(lt link_type_pkey) HashJoin(pi it) NestLoop(pi it n) NestLoop(pi it n an) NestLoop(pi it n an ci) NestLoop(pi it n an ci ml) NestLoop(pi it n an ci ml t) NestLoop(pi it n an ci ml t lt) Leading((((((((pi it) n) an) ci) ml) t) lt)) */
"['%F%', 'mini biography', 'features', 'f', 'm', '%,%', 'REDL Public Relations']",1,median,30.8988094329834,23.571014404296875,0.6913004,76,/*+  SeqScan(pi) SeqScan(it) IndexScan(n name_pkey) IndexScan(an person_id_aka_name) IndexScan(ci person_id_cast_info) IndexScan(ml linked_movie_id_movie_link) IndexScan(t title_pkey) IndexScan(lt link_type_pkey) HashJoin(pi it) NestLoop(pi it n) NestLoop(pi it n an) NestLoop(pi it n an ci) NestLoop(pi it n an ci ml) NestLoop(pi it n an ci ml t) NestLoop(pi it n an ci ml t lt) Leading((((((((pi it) n) an) ci) ml) t) lt)) */
"['%c%', 'mini biography', 'referenced in', 'f', 'm', '%e%', 'IMDb Editors']",1,median,32.03463554382324,39.78252410888672,0.69096875,76,/*+  SeqScan(pi) SeqScan(it) IndexScan(n name_pkey) IndexScan(an person_id_aka_name) IndexScan(ci person_id_cast_info) IndexScan(ml linked_movie_id_movie_link) IndexScan(t title_pkey) IndexScan(lt link_type_pkey) HashJoin(pi it) NestLoop(pi it n) NestLoop(pi it n an) NestLoop(pi it n an ci) NestLoop(pi it n an ci ml) NestLoop(pi it n an ci ml t) NestLoop(pi it n an ci ml t lt) Leading((((((((pi it) n) an) ci) ml) t) lt)) */
"['%a%', 'mini biography', 'features', 'm', 'f', '%l%', 'Melissa Portell <mportell@s-cwis.unomaha.edu>']",1,median,31.41164779663086,5.677700042724609,0.6887731,76,/*+  SeqScan(pi) SeqScan(it) IndexScan(n name_pkey) IndexScan(an person_id_aka_name) IndexScan(ci person_id_cast_info) IndexScan(ml linked_movie_id_movie_link) IndexScan(t title_pkey) IndexScan(lt link_type_pkey) HashJoin(pi it) NestLoop(pi it n) NestLoop(pi it n an) NestLoop(pi it n an ci) NestLoop(pi it n an ci ml) NestLoop(pi it n an ci ml t) NestLoop(pi it n an ci ml t lt) Leading((((((((pi it) n) an) ci) ml) t) lt)) */
"['%a%', 'mini biography', 'features', 'm', 'f', '%m%', 'frankfob2@yahoo.com']",1,median,47.219038009643555,5.877494812011719,0.6858605,76,/*+  SeqScan(pi) SeqScan(it) IndexScan(n name_pkey) IndexScan(an person_id_aka_name) IndexScan(ci person_id_cast_info) IndexScan(ml linked_movie_id_movie_link) IndexScan(t title_pkey) IndexScan(lt link_type_pkey) HashJoin(pi it) NestLoop(pi it n) NestLoop(pi it n an) NestLoop(pi it n an ci) NestLoop(pi it n an ci ml) NestLoop(pi it n an ci ml t) NestLoop(pi it n an ci ml t lt) Leading((((((((pi it) n) an) ci) ml) t) lt)) */
"['%a%', 'mini biography', 'featured in', 'm', 'f', '%S%', 'Jarett Burke']",1,median,32.03701972961426,10.352611541748047,0.6895226,76,/*+  SeqScan(pi) SeqScan(it) IndexScan(n name_pkey) IndexScan(an person_id_aka_name) IndexScan(ci person_id_cast_info) IndexScan(ml linked_movie_id_movie_link) IndexScan(t title_pkey) IndexScan(lt link_type_pkey) HashJoin(pi it) NestLoop(pi it n) NestLoop(pi it n an) NestLoop(pi it n an ci) NestLoop(pi it n an ci ml) NestLoop(pi it n an ci ml t) NestLoop(pi it n an ci ml t lt) Leading((((((((pi it) n) an) ci) ml) t) lt)) */
"['%K%', 'mini biography', 'references', 'm', 'f', '%a%', 'Joy Phillips']",1,median,31.243324279785156,40.09747505187988,0.68681306,76,/*+  SeqScan(pi) SeqScan(it) IndexScan(n name_pkey) IndexScan(an person_id_aka_name) IndexScan(ci person_id_cast_info) IndexScan(ml linked_movie_id_movie_link) IndexScan(t title_pkey) IndexScan(lt link_type_pkey) HashJoin(pi it) NestLoop(pi it n) NestLoop(pi it n an) NestLoop(pi it n an ci) NestLoop(pi it n an ci ml) NestLoop(pi it n an ci ml t) NestLoop(pi it n an ci ml t lt) Leading((((((((pi it) n) an) ci) ml) t) lt)) */
"['%e%', 'mini biography', 'referenced in', 'm', 'f', '%e%', 'Gary Brumburgh / gr-home@pacbell.net']",1,median,43.83039474487305,30.69901466369629,0.692872,76,/*+  SeqScan(pi) SeqScan(it) IndexScan(n name_pkey) IndexScan(an person_id_aka_name) IndexScan(ci person_id_cast_info) IndexScan(ml linked_movie_id_movie_link) IndexScan(t title_pkey) IndexScan(lt link_type_pkey) HashJoin(pi it) NestLoop(pi it n) NestLoop(pi it n an) NestLoop(pi it n an ci) NestLoop(pi it n an ci ml) NestLoop(pi it n an ci ml t) NestLoop(pi it n an ci ml t lt) Leading((((((((pi it) n) an) ci) ml) t) lt)) */
"['%e%', 'mini biography', 'version of', 'm', 'f', '%a%', 'Sue Edworthy']",1,median,35.85529327392578,75.36697387695312,0.67555505,76,/*+  SeqScan(pi) SeqScan(it) IndexScan(n name_pkey) IndexScan(an person_id_aka_name) IndexScan(ci person_id_cast_info) IndexScan(ml linked_movie_id_movie_link) IndexScan(t title_pkey) IndexScan(lt link_type_pkey) HashJoin(pi it) NestLoop(pi it n) NestLoop(pi it n an) NestLoop(pi it n an ci) NestLoop(pi it n an ci ml) NestLoop(pi it n an ci ml t) NestLoop(pi it n an ci ml t lt) Leading((((((((pi it) n) an) ci) ml) t) lt)) */
"['%O%', 'mini biography', 'referenced in', 'f', 'm', '%y%', 'jbp, inc.']",1,median,35.30383110046387,32.50241279602051,0.6923095,76,/*+  SeqScan(pi) SeqScan(it) IndexScan(n name_pkey) IndexScan(an person_id_aka_name) IndexScan(ci person_id_cast_info) IndexScan(ml linked_movie_id_movie_link) IndexScan(t title_pkey) IndexScan(lt link_type_pkey) HashJoin(pi it) NestLoop(pi it n) NestLoop(pi it n an) NestLoop(pi it n an ci) NestLoop(pi it n an ci ml) NestLoop(pi it n an ci ml t) NestLoop(pi it n an ci ml t lt) Leading((((((((pi it) n) an) ci) ml) t) lt)) */
"['%h%', 'mini biography', 'features', 'm', 'f', '%g%', 'firehouse44@hotmail.com']",1,median,32.10616111755371,24.37877655029297,0.6932718,76,/*+  SeqScan(pi) SeqScan(it) IndexScan(n name_pkey) IndexScan(an person_id_aka_name) IndexScan(ci person_id_cast_info) IndexScan(ml linked_movie_id_movie_link) IndexScan(t title_pkey) IndexScan(lt link_type_pkey) HashJoin(pi it) NestLoop(pi it n) NestLoop(pi it n an) NestLoop(pi it n an ci) NestLoop(pi it n an ci ml) NestLoop(pi it n an ci ml t) NestLoop(pi it n an ci ml t lt) Leading((((((((pi it) n) an) ci) ml) t) lt)) */
"['%e%', 'mini biography', 'follows', 'f', 'm', '%r%', 'Jon C. Hopwood']",1,median,42.325735092163086,10.981321334838867,0.685519,76,/*+  SeqScan(pi) SeqScan(it) IndexScan(n name_pkey) IndexScan(an person_id_aka_name) IndexScan(ci person_id_cast_info) IndexScan(ml linked_movie_id_movie_link) IndexScan(t title_pkey) IndexScan(lt link_type_pkey) HashJoin(pi it) NestLoop(pi it n) NestLoop(pi it n an) NestLoop(pi it n an ci) NestLoop(pi it n an ci ml) NestLoop(pi it n an ci ml t) NestLoop(pi it n an ci ml t lt) Leading((((((((pi it) n) an) ci) ml) t) lt)) */
"['%Z%', 'mini biography', 'referenced in', 'm', 'f', '%s%', 'iaiyrdmkl']",1,median,34.72304344177246,31.721830368041992,0.6949349,76,/*+  SeqScan(pi) SeqScan(it) IndexScan(n name_pkey) IndexScan(an person_id_aka_name) IndexScan(ci person_id_cast_info) IndexScan(ml linked_movie_id_movie_link) IndexScan(t title_pkey) IndexScan(lt link_type_pkey) HashJoin(pi it) NestLoop(pi it n) NestLoop(pi it n an) NestLoop(pi it n an ci) NestLoop(pi it n an ci ml) NestLoop(pi it n an ci ml t) NestLoop(pi it n an ci ml t lt) Leading((((((((pi it) n) an) ci) ml) t) lt)) */
"['%y%', 'mini biography', 'references', 'm', 'f', '%,%', 'Anonymous']",1,median,39.97230529785156,43.62797737121582,0.6906651,76,/*+  SeqScan(pi) SeqScan(it) IndexScan(n name_pkey) IndexScan(an person_id_aka_name) IndexScan(ci person_id_cast_info) IndexScan(ml linked_movie_id_movie_link) IndexScan(t title_pkey) IndexScan(lt link_type_pkey) HashJoin(pi it) NestLoop(pi it n) NestLoop(pi it n an) NestLoop(pi it n an ci) NestLoop(pi it n an ci ml) NestLoop(pi it n an ci ml t) NestLoop(pi it n an ci ml t lt) Leading((((((((pi it) n) an) ci) ml) t) lt)) */
"['%l%', 'mini biography', 'references', 'm', 'f', '%u%', 'vicdru@hotmail.com']",1,median,37.868499755859375,58.59732627868652,0.6990766,76,/*+  SeqScan(pi) SeqScan(it) IndexScan(n name_pkey) IndexScan(an person_id_aka_name) IndexScan(ci person_id_cast_info) IndexScan(ml linked_movie_id_movie_link) IndexScan(t title_pkey) IndexScan(lt link_type_pkey) HashJoin(pi it) NestLoop(pi it n) NestLoop(pi it n an) NestLoop(pi it n an ci) NestLoop(pi it n an ci ml) NestLoop(pi it n an ci ml t) NestLoop(pi it n an ci ml t lt) Leading((((((((pi it) n) an) ci) ml) t) lt)) */
"['%e%', 'mini biography', 'featured in', 'f', 'm', '%V%', 'Bobby G']",1,median,32.62472152709961,7.924318313598633,0.68559796,76,/*+  SeqScan(pi) SeqScan(it) IndexScan(n name_pkey) IndexScan(an person_id_aka_name) IndexScan(ci person_id_cast_info) IndexScan(ml linked_movie_id_movie_link) IndexScan(t title_pkey) IndexScan(lt link_type_pkey) HashJoin(pi it) NestLoop(pi it n) NestLoop(pi it n an) NestLoop(pi it n an ci) NestLoop(pi it n an ci ml) NestLoop(pi it n an ci ml t) NestLoop(pi it n an ci ml t lt) Leading((((((((pi it) n) an) ci) ml) t) lt)) */
"['%u%', 'mini biography', 'references', 'm', 'f', '%s%', 'Jon C. Hopwood']",1,median,38.15913200378418,46.23579978942871,0.6933166,76,/*+  SeqScan(pi) SeqScan(it) IndexScan(n name_pkey) IndexScan(an person_id_aka_name) IndexScan(ci person_id_cast_info) IndexScan(ml linked_movie_id_movie_link) IndexScan(t title_pkey) IndexScan(lt link_type_pkey) HashJoin(pi it) NestLoop(pi it n) NestLoop(pi it n an) NestLoop(pi it n an ci) NestLoop(pi it n an ci ml) NestLoop(pi it n an ci ml t) NestLoop(pi it n an ci ml t lt) Leading((((((((pi it) n) an) ci) ml) t) lt)) */
"['%e%', 'mini biography', 'features', 'm', 'f', '%g%', 'firehouse44@hotmail.com']",1,median,34.355878829956055,5.845308303833008,0.6899614,76,/*+  SeqScan(pi) SeqScan(it) IndexScan(n name_pkey) IndexScan(an person_id_aka_name) IndexScan(ci person_id_cast_info) IndexScan(ml linked_movie_id_movie_link) IndexScan(t title_pkey) IndexScan(lt link_type_pkey) HashJoin(pi it) NestLoop(pi it n) NestLoop(pi it n an) NestLoop(pi it n an ci) NestLoop(pi it n an ci ml) NestLoop(pi it n an ci ml t) NestLoop(pi it n an ci ml t lt) Leading((((((((pi it) n) an) ci) ml) t) lt)) */
"['%f%', 'mini biography', 'spoofed in', 'm', 'f', '%M%', 'Eric Hanson, Letnom Management']",1,median,30.341148376464844,25.85887908935547,0.6972924,76,/*+  SeqScan(pi) SeqScan(it) IndexScan(n name_pkey) IndexScan(an person_id_aka_name) IndexScan(ci person_id_cast_info) IndexScan(ml linked_movie_id_movie_link) IndexScan(t title_pkey) IndexScan(lt link_type_pkey) HashJoin(pi it) NestLoop(pi it n) NestLoop(pi it n an) NestLoop(pi it n an ci) NestLoop(pi it n an ci ml) NestLoop(pi it n an ci ml t) NestLoop(pi it n an ci ml t lt) Leading((((((((pi it) n) an) ci) ml) t) lt)) */
"['%n%', 'mini biography', 'referenced in', 'f', 'm', '%e%', 'Anna G.']",1,median,35.3541374206543,28.62238883972168,0.68644387,76,/*+  SeqScan(pi) SeqScan(it) IndexScan(n name_pkey) IndexScan(an person_id_aka_name) IndexScan(ci person_id_cast_info) IndexScan(ml linked_movie_id_movie_link) IndexScan(t title_pkey) IndexScan(lt link_type_pkey) HashJoin(pi it) NestLoop(pi it n) NestLoop(pi it n an) NestLoop(pi it n an ci) NestLoop(pi it n an ci ml) NestLoop(pi it n an ci ml t) NestLoop(pi it n an ci ml t lt) Leading((((((((pi it) n) an) ci) ml) t) lt)) */
"['%h%', 'mini biography', 'followed by', 'm', 'f', '%g%', 'Jon C. Hopwood']",1,median,40.72284698486328,27.253389358520508,0.68121094,76,/*+  SeqScan(pi) SeqScan(it) IndexScan(n name_pkey) IndexScan(an person_id_aka_name) IndexScan(ci person_id_cast_info) IndexScan(ml linked_movie_id_movie_link) IndexScan(t title_pkey) IndexScan(lt link_type_pkey) HashJoin(pi it) NestLoop(pi it n) NestLoop(pi it n an) NestLoop(pi it n an ci) NestLoop(pi it n an ci ml) NestLoop(pi it n an ci ml t) NestLoop(pi it n an ci ml t lt) Leading((((((((pi it) n) an) ci) ml) t) lt)) */
"['%T%', 'mini biography', 'remake of', 'm', 'f', '%i%', 'Liberty Salinger <liberty_salinger@hotmail.com>']",1,median,31.293630599975586,25.36630630493164,0.68260634,76,/*+  SeqScan(pi) SeqScan(it) IndexScan(n name_pkey) IndexScan(an person_id_aka_name) IndexScan(ci person_id_cast_info) IndexScan(ml linked_movie_id_movie_link) IndexScan(t title_pkey) IndexScan(lt link_type_pkey) HashJoin(pi it) NestLoop(pi it n) NestLoop(pi it n an) NestLoop(pi it n an ci) NestLoop(pi it n an ci ml) NestLoop(pi it n an ci ml t) NestLoop(pi it n an ci ml t lt) Leading((((((((pi it) n) an) ci) ml) t) lt)) */
"['%y%', 'mini biography', 'version of', 'm', 'f', '%l%', 'Tony Fontana <tony.fontana@spacebbs.com>']",1,median,31.966686248779297,54.49032783508301,0.6858573,76,/*+  SeqScan(pi) SeqScan(it) IndexScan(n name_pkey) IndexScan(an person_id_aka_name) IndexScan(ci person_id_cast_info) IndexScan(ml linked_movie_id_movie_link) IndexScan(t title_pkey) IndexScan(lt link_type_pkey) HashJoin(pi it) NestLoop(pi it n) NestLoop(pi it n an) NestLoop(pi it n an ci) NestLoop(pi it n an ci ml) NestLoop(pi it n an ci ml t) NestLoop(pi it n an ci ml t lt) Leading((((((((pi it) n) an) ci) ml) t) lt)) */
"['%s%', 'mini biography', 'featured in', 'm', 'f', '%l%', 'Anon.']",1,median,32.807111740112305,32.454729080200195,0.68933064,76,/*+  SeqScan(pi) SeqScan(it) IndexScan(n name_pkey) IndexScan(an person_id_aka_name) IndexScan(ci person_id_cast_info) IndexScan(ml linked_movie_id_movie_link) IndexScan(t title_pkey) IndexScan(lt link_type_pkey) HashJoin(pi it) NestLoop(pi it n) NestLoop(pi it n an) NestLoop(pi it n an ci) NestLoop(pi it n an ci ml) NestLoop(pi it n an ci ml t) NestLoop(pi it n an ci ml t lt) Leading((((((((pi it) n) an) ci) ml) t) lt)) */
"['%n%', 'mini biography', 'references', 'f', 'm', '%n%', 'Phil Thompson']",1,median,35.238027572631836,58.669090270996094,0.68486345,76,/*+  SeqScan(pi) SeqScan(it) IndexScan(n name_pkey) IndexScan(an person_id_aka_name) IndexScan(ci person_id_cast_info) IndexScan(ml linked_movie_id_movie_link) IndexScan(t title_pkey) IndexScan(lt link_type_pkey) HashJoin(pi it) NestLoop(pi it n) NestLoop(pi it n an) NestLoop(pi it n an ci) NestLoop(pi it n an ci ml) NestLoop(pi it n an ci ml t) NestLoop(pi it n an ci ml t lt) Leading((((((((pi it) n) an) ci) ml) t) lt)) */
"['%p%', 'mini biography', 'referenced in', 'f', 'm', '%i%', 'Emanuela Szumilas']",1,median,31.12053871154785,32.80806541442871,0.69341075,76,/*+  SeqScan(pi) SeqScan(it) IndexScan(n name_pkey) IndexScan(an person_id_aka_name) IndexScan(ci person_id_cast_info) IndexScan(ml linked_movie_id_movie_link) IndexScan(t title_pkey) IndexScan(lt link_type_pkey) HashJoin(pi it) NestLoop(pi it n) NestLoop(pi it n an) NestLoop(pi it n an ci) NestLoop(pi it n an ci ml) NestLoop(pi it n an ci ml t) NestLoop(pi it n an ci ml t lt) Leading((((((((pi it) n) an) ci) ml) t) lt)) */
"['%u%', 'mini biography', 'featured in', 'f', 'm', '%c%', 'Gary Brumburgh / gr-home@pacbell.net']",1,median,33.64443778991699,32.26661682128906,0.69578815,76,/*+  SeqScan(pi) SeqScan(it) IndexScan(n name_pkey) IndexScan(an person_id_aka_name) IndexScan(ci person_id_cast_info) IndexScan(ml linked_movie_id_movie_link) IndexScan(t title_pkey) IndexScan(lt link_type_pkey) HashJoin(pi it) NestLoop(pi it n) NestLoop(pi it n an) NestLoop(pi it n an ci) NestLoop(pi it n an ci ml) NestLoop(pi it n an ci ml t) NestLoop(pi it n an ci ml t lt) Leading((((((((pi it) n) an) ci) ml) t) lt)) */
"['%s%', 'mini biography', 'version of', 'f', 'm', '%e%', 'Steve Shelokhonov']",1,median,35.1872444152832,59.83996391296387,0.6851238,76,/*+  SeqScan(pi) SeqScan(it) IndexScan(n name_pkey) IndexScan(an person_id_aka_name) IndexScan(ci person_id_cast_info) IndexScan(ml linked_movie_id_movie_link) IndexScan(t title_pkey) IndexScan(lt link_type_pkey) HashJoin(pi it) NestLoop(pi it n) NestLoop(pi it n an) NestLoop(pi it n an ci) NestLoop(pi it n an ci ml) NestLoop(pi it n an ci ml t) NestLoop(pi it n an ci ml t lt) Leading((((((((pi it) n) an) ci) ml) t) lt)) */
"['%t%', 'mini biography', 'follows', 'f', 'm', '%,%', 'svedzin']",1,median,31.086206436157227,27.24170684814453,0.6898096,76,/*+  SeqScan(pi) SeqScan(it) IndexScan(n name_pkey) IndexScan(an person_id_aka_name) IndexScan(ci person_id_cast_info) IndexScan(ml linked_movie_id_movie_link) IndexScan(t title_pkey) IndexScan(lt link_type_pkey) HashJoin(pi it) NestLoop(pi it n) NestLoop(pi it n an) NestLoop(pi it n an ci) NestLoop(pi it n an ci ml) NestLoop(pi it n an ci ml t) NestLoop(pi it n an ci ml t lt) Leading((((((((pi it) n) an) ci) ml) t) lt)) */
"['%a%', 'mini biography', 'references', 'f', 'm', '%a%', 'Gary Brumburgh / gr-home@pacbell.net']",1,median,42.09089279174805,60.97292900085449,0.68623567,76,/*+  SeqScan(pi) SeqScan(it) IndexScan(n name_pkey) IndexScan(an person_id_aka_name) IndexScan(ci person_id_cast_info) IndexScan(ml linked_movie_id_movie_link) IndexScan(t title_pkey) IndexScan(lt link_type_pkey) HashJoin(pi it) NestLoop(pi it n) NestLoop(pi it n an) NestLoop(pi it n an ci) NestLoop(pi it n an ci ml) NestLoop(pi it n an ci ml t) NestLoop(pi it n an ci ml t lt) Leading((((((((pi it) n) an) ci) ml) t) lt)) */
"['%T%', 'mini biography', 'featured in', 'm', 'f', '%z%', 'firehouse44@hotmail.com']",1,median,31.79645538330078,25.062084197998047,0.6943922,76,/*+  SeqScan(pi) SeqScan(it) IndexScan(n name_pkey) IndexScan(an person_id_aka_name) IndexScan(ci person_id_cast_info) IndexScan(ml linked_movie_id_movie_link) IndexScan(t title_pkey) IndexScan(lt link_type_pkey) HashJoin(pi it) NestLoop(pi it n) NestLoop(pi it n an) NestLoop(pi it n an ci) NestLoop(pi it n an ci ml) NestLoop(pi it n an ci ml t) NestLoop(pi it n an ci ml t lt) Leading((((((((pi it) n) an) ci) ml) t) lt)) */
"['%M%', 'mini biography', 'spin off', 'f', 'm', '%N%', 'Anonymous']",1,median,34.77835655212402,5.765438079833984,0.6930121,76,/*+  SeqScan(pi) SeqScan(it) IndexScan(n name_pkey) IndexScan(an person_id_aka_name) IndexScan(ci person_id_cast_info) IndexScan(ml linked_movie_id_movie_link) IndexScan(t title_pkey) IndexScan(lt link_type_pkey) HashJoin(pi it) NestLoop(pi it n) NestLoop(pi it n an) NestLoop(pi it n an ci) NestLoop(pi it n an ci ml) NestLoop(pi it n an ci ml t) NestLoop(pi it n an ci ml t lt) Leading((((((((pi it) n) an) ci) ml) t) lt)) */
"['%T%', 'mini biography', 'references', 'm', 'f', '%Y%', 'Anastasia Chung']",1,median,31.016111373901367,42.708396911621094,0.6911164,76,/*+  SeqScan(pi) SeqScan(it) IndexScan(n name_pkey) IndexScan(an person_id_aka_name) IndexScan(ci person_id_cast_info) IndexScan(ml linked_movie_id_movie_link) IndexScan(t title_pkey) IndexScan(lt link_type_pkey) HashJoin(pi it) NestLoop(pi it n) NestLoop(pi it n an) NestLoop(pi it n an ci) NestLoop(pi it n an ci ml) NestLoop(pi it n an ci ml t) NestLoop(pi it n an ci ml t lt) Leading((((((((pi it) n) an) ci) ml) t) lt)) */
"['%G%', 'mini biography', 'features', 'm', 'f', '%,%', 'twilliamson7']",1,median,32.442569732666016,24.20973777770996,0.69022685,76,/*+  SeqScan(pi) SeqScan(it) IndexScan(n name_pkey) IndexScan(an person_id_aka_name) IndexScan(ci person_id_cast_info) IndexScan(ml linked_movie_id_movie_link) IndexScan(t title_pkey) IndexScan(lt link_type_pkey) HashJoin(pi it) NestLoop(pi it n) NestLoop(pi it n an) NestLoop(pi it n an ci) NestLoop(pi it n an ci ml) NestLoop(pi it n an ci ml t) NestLoop(pi it n an ci ml t lt) Leading((((((((pi it) n) an) ci) ml) t) lt)) */
"['%d%', 'mini biography', 'features', 'm', 'f', '%L%', 'Anonymous']",1,median,42.04535484313965,24.727582931518555,0.6869136,76,/*+  SeqScan(pi) SeqScan(it) IndexScan(n name_pkey) IndexScan(an person_id_aka_name) IndexScan(ci person_id_cast_info) IndexScan(ml linked_movie_id_movie_link) IndexScan(t title_pkey) IndexScan(lt link_type_pkey) HashJoin(pi it) NestLoop(pi it n) NestLoop(pi it n an) NestLoop(pi it n an ci) NestLoop(pi it n an ci ml) NestLoop(pi it n an ci ml t) NestLoop(pi it n an ci ml t lt) Leading((((((((pi it) n) an) ci) ml) t) lt)) */
"['%p%', 'mini biography', 'featured in', 'm', 'f', '%r%', 'raf_stierna@hotmail.com']",1,median,31.261682510375977,30.68256378173828,0.6856326,76,/*+  SeqScan(pi) SeqScan(it) IndexScan(n name_pkey) IndexScan(an person_id_aka_name) IndexScan(ci person_id_cast_info) IndexScan(ml linked_movie_id_movie_link) IndexScan(t title_pkey) IndexScan(lt link_type_pkey) HashJoin(pi it) NestLoop(pi it n) NestLoop(pi it n an) NestLoop(pi it n an ci) NestLoop(pi it n an ci ml) NestLoop(pi it n an ci ml t) NestLoop(pi it n an ci ml t lt) Leading((((((((pi it) n) an) ci) ml) t) lt)) */
"['%d%', 'mini biography', 'features', 'm', 'f', '%n%', 'Ken Yousten <kyousten@bev.net>']",1,median,31.333446502685547,23.984432220458984,0.69131887,76,/*+  SeqScan(pi) SeqScan(it) IndexScan(n name_pkey) IndexScan(an person_id_aka_name) IndexScan(ci person_id_cast_info) IndexScan(ml linked_movie_id_movie_link) IndexScan(t title_pkey) IndexScan(lt link_type_pkey) HashJoin(pi it) NestLoop(pi it n) NestLoop(pi it n an) NestLoop(pi it n an ci) NestLoop(pi it n an ci ml) NestLoop(pi it n an ci ml t) NestLoop(pi it n an ci ml t lt) Leading((((((((pi it) n) an) ci) ml) t) lt)) */
"['%L%', 'mini biography', 'references', 'm', 'f', '%B%', 'Stephan Eichenberg<eichenbe@fak-cbg.tu-muenchen.de>']",1,median,31.830787658691406,40.915489196777344,0.6878401,76,/*+  SeqScan(pi) SeqScan(it) IndexScan(n name_pkey) IndexScan(an person_id_aka_name) IndexScan(ci person_id_cast_info) IndexScan(ml linked_movie_id_movie_link) IndexScan(t title_pkey) IndexScan(lt link_type_pkey) HashJoin(pi it) NestLoop(pi it n) NestLoop(pi it n an) NestLoop(pi it n an ci) NestLoop(pi it n an ci ml) NestLoop(pi it n an ci ml t) NestLoop(pi it n an ci ml t lt) Leading((((((((pi it) n) an) ci) ml) t) lt)) */
"['%L%', 'mini biography', 'features', 'm', 'f', '%e%', 'bex']",1,median,30.31015396118164,23.042678833007812,0.6890155,76,/*+  SeqScan(pi) SeqScan(it) IndexScan(n name_pkey) IndexScan(an person_id_aka_name) IndexScan(ci person_id_cast_info) IndexScan(ml linked_movie_id_movie_link) IndexScan(t title_pkey) IndexScan(lt link_type_pkey) HashJoin(pi it) NestLoop(pi it n) NestLoop(pi it n an) NestLoop(pi it n an ci) NestLoop(pi it n an ci ml) NestLoop(pi it n an ci ml t) NestLoop(pi it n an ci ml t lt) Leading((((((((pi it) n) an) ci) ml) t) lt)) */
"['%h%', 'mini biography', 'features', 'm', 'f', '%b%', 'Anonymous']",1,median,39.29781913757324,24.750471115112305,0.6896676,76,/*+  SeqScan(pi) SeqScan(it) IndexScan(n name_pkey) IndexScan(an person_id_aka_name) IndexScan(ci person_id_cast_info) IndexScan(ml linked_movie_id_movie_link) IndexScan(t title_pkey) IndexScan(lt link_type_pkey) HashJoin(pi it) NestLoop(pi it n) NestLoop(pi it n an) NestLoop(pi it n an ci) NestLoop(pi it n an ci ml) NestLoop(pi it n an ci ml t) NestLoop(pi it n an ci ml t lt) Leading((((((((pi it) n) an) ci) ml) t) lt)) */
"['%L%', 'mini biography', 'features', 'f', 'm', '%L%', 'Mike McKinley']",1,median,29.94370460510254,23.477792739868164,0.68722713,76,/*+  SeqScan(pi) SeqScan(it) IndexScan(n name_pkey) IndexScan(an person_id_aka_name) IndexScan(ci person_id_cast_info) IndexScan(ml linked_movie_id_movie_link) IndexScan(t title_pkey) IndexScan(lt link_type_pkey) HashJoin(pi it) NestLoop(pi it n) NestLoop(pi it n an) NestLoop(pi it n an ci) NestLoop(pi it n an ci ml) NestLoop(pi it n an ci ml t) NestLoop(pi it n an ci ml t lt) Leading((((((((pi it) n) an) ci) ml) t) lt)) */
"['%u%', 'mini biography', 'featured in', 'm', 'f', '%n%', 'Jim Beaver <jumblejim@prodigy.net>']",1,median,36.551475524902344,26.97300910949707,0.6958589,76,/*+  SeqScan(pi) SeqScan(it) IndexScan(n name_pkey) IndexScan(an person_id_aka_name) IndexScan(ci person_id_cast_info) IndexScan(ml linked_movie_id_movie_link) IndexScan(t title_pkey) IndexScan(lt link_type_pkey) HashJoin(pi it) NestLoop(pi it n) NestLoop(pi it n an) NestLoop(pi it n an ci) NestLoop(pi it n an ci ml) NestLoop(pi it n an ci ml t) NestLoop(pi it n an ci ml t lt) Leading((((((((pi it) n) an) ci) ml) t) lt)) */
"['%r%', 'mini biography', 'version of', 'm', 'f', '%t%', 'Terry Dinan']",1,median,35.730838775634766,75.65712928771973,0.69366527,76,/*+  SeqScan(pi) SeqScan(it) IndexScan(n name_pkey) IndexScan(an person_id_aka_name) IndexScan(ci person_id_cast_info) IndexScan(ml linked_movie_id_movie_link) IndexScan(t title_pkey) IndexScan(lt link_type_pkey) HashJoin(pi it) NestLoop(pi it n) NestLoop(pi it n an) NestLoop(pi it n an ci) NestLoop(pi it n an ci ml) NestLoop(pi it n an ci ml t) NestLoop(pi it n an ci ml t lt) Leading((((((((pi it) n) an) ci) ml) t) lt)) */
"['%t%', 'mini biography', 'referenced in', 'f', 'm', '%d%', 'Aschley']",1,median,31.865835189819336,42.83571243286133,0.693744,76,/*+  SeqScan(pi) SeqScan(it) IndexScan(n name_pkey) IndexScan(an person_id_aka_name) IndexScan(ci person_id_cast_info) IndexScan(ml linked_movie_id_movie_link) IndexScan(t title_pkey) IndexScan(lt link_type_pkey) HashJoin(pi it) NestLoop(pi it n) NestLoop(pi it n an) NestLoop(pi it n an ci) NestLoop(pi it n an ci ml) NestLoop(pi it n an ci ml t) NestLoop(pi it n an ci ml t lt) Leading((((((((pi it) n) an) ci) ml) t) lt)) */
"['%a%', 'mini biography', 'alternate language version of', 'f', 'm', '%o%', 'Natasha Lance Rogoff']",1,median,30.091524124145508,5.465984344482422,0.7044894,76,/*+  SeqScan(pi) SeqScan(it) IndexScan(n name_pkey) IndexScan(an person_id_aka_name) IndexScan(ci person_id_cast_info) IndexScan(ml linked_movie_id_movie_link) IndexScan(t title_pkey) IndexScan(lt link_type_pkey) HashJoin(pi it) NestLoop(pi it n) NestLoop(pi it n an) NestLoop(pi it n an ci) NestLoop(pi it n an ci ml) NestLoop(pi it n an ci ml t) NestLoop(pi it n an ci ml t lt) Leading((((((((pi it) n) an) ci) ml) t) lt)) */
"['%d%', 'mini biography', 'features', 'f', 'm', '%K%', 'Yancey']",1,median,29.575824737548828,5.2089691162109375,0.690505,76,/*+  SeqScan(pi) SeqScan(it) IndexScan(n name_pkey) IndexScan(an person_id_aka_name) IndexScan(ci person_id_cast_info) IndexScan(ml linked_movie_id_movie_link) IndexScan(t title_pkey) IndexScan(lt link_type_pkey) HashJoin(pi it) NestLoop(pi it n) NestLoop(pi it n an) NestLoop(pi it n an ci) NestLoop(pi it n an ci ml) NestLoop(pi it n an ci ml t) NestLoop(pi it n an ci ml t lt) Leading((((((((pi it) n) an) ci) ml) t) lt)) */
"['%e%', 'mini biography', 'featured in', 'm', 'f', '%i%', 'JP']",1,median,31.25905990600586,10.574579238891602,0.6759866,76,/*+  SeqScan(pi) SeqScan(it) IndexScan(n name_pkey) IndexScan(an person_id_aka_name) IndexScan(ci person_id_cast_info) IndexScan(ml linked_movie_id_movie_link) IndexScan(t title_pkey) IndexScan(lt link_type_pkey) HashJoin(pi it) NestLoop(pi it n) NestLoop(pi it n an) NestLoop(pi it n an ci) NestLoop(pi it n an ci ml) NestLoop(pi it n an ci ml t) NestLoop(pi it n an ci ml t lt) Leading((((((((pi it) n) an) ci) ml) t) lt)) */
"['%f%', 'mini biography', 'features', 'm', 'f', '%A%', 'em']",1,median,30.51280975341797,23.68640899658203,0.6938521,76,/*+  SeqScan(pi) SeqScan(it) IndexScan(n name_pkey) IndexScan(an person_id_aka_name) IndexScan(ci person_id_cast_info) IndexScan(ml linked_movie_id_movie_link) IndexScan(t title_pkey) IndexScan(lt link_type_pkey) HashJoin(pi it) NestLoop(pi it n) NestLoop(pi it n an) NestLoop(pi it n an ci) NestLoop(pi it n an ci ml) NestLoop(pi it n an ci ml t) NestLoop(pi it n an ci ml t lt) Leading((((((((pi it) n) an) ci) ml) t) lt)) */
"['%c%', 'mini biography', 'features', 'm', 'f', '%r%', 'SC']",1,median,31.98385238647461,25.33435821533203,0.689478,76,/*+  SeqScan(pi) SeqScan(it) IndexScan(n name_pkey) IndexScan(an person_id_aka_name) IndexScan(ci person_id_cast_info) IndexScan(ml linked_movie_id_movie_link) IndexScan(t title_pkey) IndexScan(lt link_type_pkey) HashJoin(pi it) NestLoop(pi it n) NestLoop(pi it n an) NestLoop(pi it n an ci) NestLoop(pi it n an ci ml) NestLoop(pi it n an ci ml t) NestLoop(pi it n an ci ml t lt) Leading((((((((pi it) n) an) ci) ml) t) lt)) */
"['%J%', 'mini biography', 'references', 'm', 'f', '%J%', 'Jim Beaver <jumblejim@prodigy.net>']",1,median,38.15007209777832,42.73533821105957,0.69716984,76,/*+  SeqScan(pi) SeqScan(it) IndexScan(n name_pkey) IndexScan(an person_id_aka_name) IndexScan(ci person_id_cast_info) IndexScan(ml linked_movie_id_movie_link) IndexScan(t title_pkey) IndexScan(lt link_type_pkey) HashJoin(pi it) NestLoop(pi it n) NestLoop(pi it n an) NestLoop(pi it n an ci) NestLoop(pi it n an ci ml) NestLoop(pi it n an ci ml t) NestLoop(pi it n an ci ml t lt) Leading((((((((pi it) n) an) ci) ml) t) lt)) */
"['%l%', 'mini biography', 'references', 'm', 'f', '%o%', 'Yuri German<blsidt1@imf.org>']",1,median,34.911394119262695,59.06987190246582,0.69445556,76,/*+  SeqScan(pi) SeqScan(it) IndexScan(n name_pkey) IndexScan(an person_id_aka_name) IndexScan(ci person_id_cast_info) IndexScan(ml linked_movie_id_movie_link) IndexScan(t title_pkey) IndexScan(lt link_type_pkey) HashJoin(pi it) NestLoop(pi it n) NestLoop(pi it n an) NestLoop(pi it n an ci) NestLoop(pi it n an ci ml) NestLoop(pi it n an ci ml t) NestLoop(pi it n an ci ml t lt) Leading((((((((pi it) n) an) ci) ml) t) lt)) */
"['%o%', 'mini biography', 'spoofs', 'm', 'f', '%v%', '<anthony-adam@tamu.edu>']",1,median,32.75752067565918,8.178949356079102,0.6889857,76,/*+  SeqScan(pi) SeqScan(it) IndexScan(n name_pkey) IndexScan(an person_id_aka_name) IndexScan(ci person_id_cast_info) IndexScan(ml linked_movie_id_movie_link) IndexScan(t title_pkey) IndexScan(lt link_type_pkey) HashJoin(pi it) NestLoop(pi it n) NestLoop(pi it n an) NestLoop(pi it n an ci) NestLoop(pi it n an ci ml) NestLoop(pi it n an ci ml t) NestLoop(pi it n an ci ml t lt) Leading((((((((pi it) n) an) ci) ml) t) lt)) */
"['%o%', 'mini biography', 'version of', 'm', 'f', '%d%', 'MA']",1,median,35.32266616821289,75.55556297302246,0.690643,76,/*+  SeqScan(pi) SeqScan(it) IndexScan(n name_pkey) IndexScan(an person_id_aka_name) IndexScan(ci person_id_cast_info) IndexScan(ml linked_movie_id_movie_link) IndexScan(t title_pkey) IndexScan(lt link_type_pkey) HashJoin(pi it) NestLoop(pi it n) NestLoop(pi it n an) NestLoop(pi it n an ci) NestLoop(pi it n an ci ml) NestLoop(pi it n an ci ml t) NestLoop(pi it n an ci ml t lt) Leading((((((((pi it) n) an) ci) ml) t) lt)) */
"['%t%', 'mini biography', 'references', 'm', 'f', '%,%', 'VidMan']",1,median,31.42714500427246,46.387672424316406,0.68901616,76,/*+  SeqScan(pi) SeqScan(it) IndexScan(n name_pkey) IndexScan(an person_id_aka_name) IndexScan(ci person_id_cast_info) IndexScan(ml linked_movie_id_movie_link) IndexScan(t title_pkey) IndexScan(lt link_type_pkey) HashJoin(pi it) NestLoop(pi it n) NestLoop(pi it n an) NestLoop(pi it n an ci) NestLoop(pi it n an ci ml) NestLoop(pi it n an ci ml t) NestLoop(pi it n an ci ml t lt) Leading((((((((pi it) n) an) ci) ml) t) lt)) */
"['%l%', 'mini biography', 'features', 'm', 'f', '%r%', 'A.G.']",1,median,32.33790397644043,5.685091018676758,0.6887216,76,/*+  SeqScan(pi) SeqScan(it) IndexScan(n name_pkey) IndexScan(an person_id_aka_name) IndexScan(ci person_id_cast_info) IndexScan(ml linked_movie_id_movie_link) IndexScan(t title_pkey) IndexScan(lt link_type_pkey) HashJoin(pi it) NestLoop(pi it n) NestLoop(pi it n an) NestLoop(pi it n an ci) NestLoop(pi it n an ci ml) NestLoop(pi it n an ci ml t) NestLoop(pi it n an ci ml t lt) Leading((((((((pi it) n) an) ci) ml) t) lt)) */
"['%e%', 'mini biography', 'spoofed in', 'm', 'f', '%l%', 'Cezzie']",1,median,33.3857536315918,11.375904083251953,0.6909242,76,/*+  SeqScan(pi) SeqScan(it) IndexScan(n name_pkey) IndexScan(an person_id_aka_name) IndexScan(ci person_id_cast_info) IndexScan(ml linked_movie_id_movie_link) IndexScan(t title_pkey) IndexScan(lt link_type_pkey) HashJoin(pi it) NestLoop(pi it n) NestLoop(pi it n an) NestLoop(pi it n an ci) NestLoop(pi it n an ci ml) NestLoop(pi it n an ci ml t) NestLoop(pi it n an ci ml t lt) Leading((((((((pi it) n) an) ci) ml) t) lt)) */
"['%l%', 'mini biography', 'references', 'm', 'f', '%y%', 'The Muppet Avenger']",1,median,35.21561622619629,58.33315849304199,0.69312656,76,/*+  SeqScan(pi) SeqScan(it) IndexScan(n name_pkey) IndexScan(an person_id_aka_name) IndexScan(ci person_id_cast_info) IndexScan(ml linked_movie_id_movie_link) IndexScan(t title_pkey) IndexScan(lt link_type_pkey) HashJoin(pi it) NestLoop(pi it n) NestLoop(pi it n an) NestLoop(pi it n an ci) NestLoop(pi it n an ci ml) NestLoop(pi it n an ci ml t) NestLoop(pi it n an ci ml t lt) Leading((((((((pi it) n) an) ci) ml) t) lt)) */
"['%R%', 'mini biography', 'references', 'm', 'f', '%S%', 'Jim Beaver <jumblejim@prodigy.net>']",1,median,36.936044692993164,42.025089263916016,0.70186967,76,/*+  SeqScan(pi) SeqScan(it) IndexScan(n name_pkey) IndexScan(an person_id_aka_name) IndexScan(ci person_id_cast_info) IndexScan(ml linked_movie_id_movie_link) IndexScan(t title_pkey) IndexScan(lt link_type_pkey) HashJoin(pi it) NestLoop(pi it n) NestLoop(pi it n an) NestLoop(pi it n an ci) NestLoop(pi it n an ci ml) NestLoop(pi it n an ci ml t) NestLoop(pi it n an ci ml t lt) Leading((((((((pi it) n) an) ci) ml) t) lt)) */
"['%G%', 'mini biography', 'references', 'm', 'f', '%C%', 'Tellydome']",1,median,30.74932098388672,45.15194892883301,0.68719375,76,/*+  SeqScan(pi) SeqScan(it) IndexScan(n name_pkey) IndexScan(an person_id_aka_name) IndexScan(ci person_id_cast_info) IndexScan(ml linked_movie_id_movie_link) IndexScan(t title_pkey) IndexScan(lt link_type_pkey) HashJoin(pi it) NestLoop(pi it n) NestLoop(pi it n an) NestLoop(pi it n an ci) NestLoop(pi it n an ci ml) NestLoop(pi it n an ci ml t) NestLoop(pi it n an ci ml t lt) Leading((((((((pi it) n) an) ci) ml) t) lt)) */
"['%l%', 'mini biography', 'edited from', 'm', 'f', '%a%', 'A.C.E. (correction and additional details by L.P.)']",1,median,33.853769302368164,5.446672439575195,0.6793457,76,/*+  SeqScan(pi) SeqScan(it) IndexScan(n name_pkey) IndexScan(an person_id_aka_name) IndexScan(ci person_id_cast_info) IndexScan(ml linked_movie_id_movie_link) IndexScan(t title_pkey) IndexScan(lt link_type_pkey) HashJoin(pi it) NestLoop(pi it n) NestLoop(pi it n an) NestLoop(pi it n an ci) NestLoop(pi it n an ci ml) NestLoop(pi it n an ci ml t) NestLoop(pi it n an ci ml t lt) Leading((((((((pi it) n) an) ci) ml) t) lt)) */
"['%y%', 'mini biography', 'features', 'm', 'f', '%a%', 'Diana']",1,median,28.10978889465332,22.61638641357422,0.6899446,76,/*+  SeqScan(pi) SeqScan(it) IndexScan(n name_pkey) IndexScan(an person_id_aka_name) IndexScan(ci person_id_cast_info) IndexScan(ml linked_movie_id_movie_link) IndexScan(t title_pkey) IndexScan(lt link_type_pkey) HashJoin(pi it) NestLoop(pi it n) NestLoop(pi it n an) NestLoop(pi it n an ci) NestLoop(pi it n an ci ml) NestLoop(pi it n an ci ml t) NestLoop(pi it n an ci ml t lt) Leading((((((((pi it) n) an) ci) ml) t) lt)) */
"['%b%', 'mini biography', 'edited from', 'm', 'f', '%r%', 'frankfob2@yahoo.com']",1,median,35.813331604003906,25.452613830566406,0.6936512,76,/*+  SeqScan(pi) SeqScan(it) IndexScan(n name_pkey) IndexScan(an person_id_aka_name) IndexScan(ci person_id_cast_info) IndexScan(ml linked_movie_id_movie_link) IndexScan(t title_pkey) IndexScan(lt link_type_pkey) HashJoin(pi it) NestLoop(pi it n) NestLoop(pi it n an) NestLoop(pi it n an ci) NestLoop(pi it n an ci ml) NestLoop(pi it n an ci ml t) NestLoop(pi it n an ci ml t lt) Leading((((((((pi it) n) an) ci) ml) t) lt)) */
"['%o%', 'mini biography', 'features', 'm', 'f', '%,%', 'Gordon Morrice']",1,median,33.640146255493164,5.507946014404297,0.6879267,76,/*+  SeqScan(pi) SeqScan(it) IndexScan(n name_pkey) IndexScan(an person_id_aka_name) IndexScan(ci person_id_cast_info) IndexScan(ml linked_movie_id_movie_link) IndexScan(t title_pkey) IndexScan(lt link_type_pkey) HashJoin(pi it) NestLoop(pi it n) NestLoop(pi it n an) NestLoop(pi it n an ci) NestLoop(pi it n an ci ml) NestLoop(pi it n an ci ml t) NestLoop(pi it n an ci ml t lt) Leading((((((((pi it) n) an) ci) ml) t) lt)) */
"['%T%', 'mini biography', 'version of', 'm', 'f', '%,%', 'Laura Pallas']",1,median,31.928300857543945,49.588680267333984,0.6945537,76,/*+  SeqScan(pi) SeqScan(it) IndexScan(n name_pkey) IndexScan(an person_id_aka_name) IndexScan(ci person_id_cast_info) IndexScan(ml linked_movie_id_movie_link) IndexScan(t title_pkey) IndexScan(lt link_type_pkey) HashJoin(pi it) NestLoop(pi it n) NestLoop(pi it n an) NestLoop(pi it n an ci) NestLoop(pi it n an ci ml) NestLoop(pi it n an ci ml t) NestLoop(pi it n an ci ml t lt) Leading((((((((pi it) n) an) ci) ml) t) lt)) */
"['%K%', 'mini biography', 'referenced in', 'm', 'f', '%o%', 'CR']",1,median,28.917551040649414,30.749082565307617,0.7003927,76,/*+  SeqScan(pi) SeqScan(it) IndexScan(n name_pkey) IndexScan(an person_id_aka_name) IndexScan(ci person_id_cast_info) IndexScan(ml linked_movie_id_movie_link) IndexScan(t title_pkey) IndexScan(lt link_type_pkey) HashJoin(pi it) NestLoop(pi it n) NestLoop(pi it n an) NestLoop(pi it n an ci) NestLoop(pi it n an ci ml) NestLoop(pi it n an ci ml t) NestLoop(pi it n an ci ml t lt) Leading((((((((pi it) n) an) ci) ml) t) lt)) */
"['%i%', 'mini biography', 'referenced in', 'm', 'f', '%M%', 'Gary Brumburgh / gr-home@pacbell.net']",1,median,39.65330123901367,38.38157653808594,0.7018166,76,/*+  SeqScan(pi) SeqScan(it) IndexScan(n name_pkey) IndexScan(an person_id_aka_name) IndexScan(ci person_id_cast_info) IndexScan(ml linked_movie_id_movie_link) IndexScan(t title_pkey) IndexScan(lt link_type_pkey) HashJoin(pi it) NestLoop(pi it n) NestLoop(pi it n an) NestLoop(pi it n an ci) NestLoop(pi it n an ci ml) NestLoop(pi it n an ci ml t) NestLoop(pi it n an ci ml t lt) Leading((((((((pi it) n) an) ci) ml) t) lt)) */
"['%M%', 'mini biography', 'referenced in', 'f', 'm', '%l%', 'Camie Carpenter, HTA']",1,median,32.053470611572266,46.49519920349121,0.6947644,76,/*+  SeqScan(pi) SeqScan(it) IndexScan(n name_pkey) IndexScan(an person_id_aka_name) IndexScan(ci person_id_cast_info) IndexScan(ml linked_movie_id_movie_link) IndexScan(t title_pkey) IndexScan(lt link_type_pkey) HashJoin(pi it) NestLoop(pi it n) NestLoop(pi it n an) NestLoop(pi it n an ci) NestLoop(pi it n an ci ml) NestLoop(pi it n an ci ml t) NestLoop(pi it n an ci ml t lt) Leading((((((((pi it) n) an) ci) ml) t) lt)) */
"['%i%', 'mini biography', 'references', 'm', 'f', '%o%', 'Mustafa Neemuchwala']",1,median,31.998395919799805,53.04718017578125,0.6993933,76,/*+  SeqScan(pi) SeqScan(it) IndexScan(n name_pkey) IndexScan(an person_id_aka_name) IndexScan(ci person_id_cast_info) IndexScan(ml linked_movie_id_movie_link) IndexScan(t title_pkey) IndexScan(lt link_type_pkey) HashJoin(pi it) NestLoop(pi it n) NestLoop(pi it n an) NestLoop(pi it n an ci) NestLoop(pi it n an ci ml) NestLoop(pi it n an ci ml t) NestLoop(pi it n an ci ml t lt) Leading((((((((pi it) n) an) ci) ml) t) lt)) */
"['%t%', 'mini biography', 'references', 'f', 'm', '%y%', 'Paul Becker']",1,median,32.797813415527344,44.7847843170166,0.6951542,76,/*+  SeqScan(pi) SeqScan(it) IndexScan(n name_pkey) IndexScan(an person_id_aka_name) IndexScan(ci person_id_cast_info) IndexScan(ml linked_movie_id_movie_link) IndexScan(t title_pkey) IndexScan(lt link_type_pkey) HashJoin(pi it) NestLoop(pi it n) NestLoop(pi it n an) NestLoop(pi it n an ci) NestLoop(pi it n an ci ml) NestLoop(pi it n an ci ml t) NestLoop(pi it n an ci ml t lt) Leading((((((((pi it) n) an) ci) ml) t) lt)) */
"['%B%', 'mini biography', 'references', 'm', 'f', '%o%', 'Bulldog-Dan@lycos.com']",1,median,28.937816619873047,40.6031608581543,0.69458157,76,/*+  SeqScan(pi) SeqScan(it) IndexScan(n name_pkey) IndexScan(an person_id_aka_name) IndexScan(ci person_id_cast_info) IndexScan(ml linked_movie_id_movie_link) IndexScan(t title_pkey) IndexScan(lt link_type_pkey) HashJoin(pi it) NestLoop(pi it n) NestLoop(pi it n an) NestLoop(pi it n an ci) NestLoop(pi it n an ci ml) NestLoop(pi it n an ci ml t) NestLoop(pi it n an ci ml t lt) Leading((((((((pi it) n) an) ci) ml) t) lt)) */
"['%B%', 'mini biography', 'version of', 'm', 'f', '%r%', 'Taylor McKoy']",1,median,29.65688705444336,50.85945129394531,0.68345827,76,/*+  SeqScan(pi) SeqScan(it) IndexScan(n name_pkey) IndexScan(an person_id_aka_name) IndexScan(ci person_id_cast_info) IndexScan(ml linked_movie_id_movie_link) IndexScan(t title_pkey) IndexScan(lt link_type_pkey) HashJoin(pi it) NestLoop(pi it n) NestLoop(pi it n an) NestLoop(pi it n an ci) NestLoop(pi it n an ci ml) NestLoop(pi it n an ci ml t) NestLoop(pi it n an ci ml t lt) Leading((((((((pi it) n) an) ci) ml) t) lt)) */
"['%p%', 'mini biography', 'featured in', 'm', 'f', '%R%', 'Silvio Ferreira Cosi (amc.cosi@ig.com.br)']",1,median,29.857158660888672,23.633241653442383,0.6859061,76,/*+  SeqScan(pi) SeqScan(it) IndexScan(n name_pkey) IndexScan(an person_id_aka_name) IndexScan(ci person_id_cast_info) IndexScan(ml linked_movie_id_movie_link) IndexScan(t title_pkey) IndexScan(lt link_type_pkey) HashJoin(pi it) NestLoop(pi it n) NestLoop(pi it n an) NestLoop(pi it n an ci) NestLoop(pi it n an ci ml) NestLoop(pi it n an ci ml t) NestLoop(pi it n an ci ml t lt) Leading((((((((pi it) n) an) ci) ml) t) lt)) */
"['%J%', 'mini biography', 'references', 'm', 'f', '%k%', 'Gary Brumburgh / gr-home@pacbell.net']",1,median,40.64512252807617,50.07052421569824,0.70059884,76,/*+  SeqScan(pi) SeqScan(it) IndexScan(n name_pkey) IndexScan(an person_id_aka_name) IndexScan(ci person_id_cast_info) IndexScan(ml linked_movie_id_movie_link) IndexScan(t title_pkey) IndexScan(lt link_type_pkey) HashJoin(pi it) NestLoop(pi it n) NestLoop(pi it n an) NestLoop(pi it n an ci) NestLoop(pi it n an ci ml) NestLoop(pi it n an ci ml t) NestLoop(pi it n an ci ml t lt) Leading((((((((pi it) n) an) ci) ml) t) lt)) */
"['%r%', 'mini biography', 'references', 'm', 'f', '%i%', 'www.rickmora.com']",1,median,32.979726791381836,63.170433044433594,0.69492286,76,/*+  SeqScan(pi) SeqScan(it) IndexScan(n name_pkey) IndexScan(an person_id_aka_name) IndexScan(ci person_id_cast_info) IndexScan(ml linked_movie_id_movie_link) IndexScan(t title_pkey) IndexScan(lt link_type_pkey) HashJoin(pi it) NestLoop(pi it n) NestLoop(pi it n an) NestLoop(pi it n an ci) NestLoop(pi it n an ci ml) NestLoop(pi it n an ci ml t) NestLoop(pi it n an ci ml t lt) Leading((((((((pi it) n) an) ci) ml) t) lt)) */
"['%D%', 'mini biography', 'features', 'f', 'm', '%t%', 'Steve Shelokhonov']",1,median,31.24260902404785,34.102439880371094,0.69897944,76,/*+  SeqScan(pi) SeqScan(it) IndexScan(n name_pkey) IndexScan(an person_id_aka_name) IndexScan(ci person_id_cast_info) IndexScan(ml linked_movie_id_movie_link) IndexScan(t title_pkey) IndexScan(lt link_type_pkey) HashJoin(pi it) NestLoop(pi it n) NestLoop(pi it n an) NestLoop(pi it n an ci) NestLoop(pi it n an ci ml) NestLoop(pi it n an ci ml t) NestLoop(pi it n an ci ml t lt) Leading((((((((pi it) n) an) ci) ml) t) lt)) */
"['%n%', 'mini biography', 'features', 'm', 'f', '%y%', 'Silas Mayfield']",1,median,32.96804428100586,12.182474136352539,0.6825304,76,/*+  SeqScan(pi) SeqScan(it) IndexScan(n name_pkey) IndexScan(an person_id_aka_name) IndexScan(ci person_id_cast_info) IndexScan(ml linked_movie_id_movie_link) IndexScan(t title_pkey) IndexScan(lt link_type_pkey) HashJoin(pi it) NestLoop(pi it n) NestLoop(pi it n an) NestLoop(pi it n an ci) NestLoop(pi it n an ci ml) NestLoop(pi it n an ci ml t) NestLoop(pi it n an ci ml t lt) Leading((((((((pi it) n) an) ci) ml) t) lt)) */
"['%e%', 'mini biography', 'featured in', 'f', 'm', '%b%', 'Anonymous']",1,median,33.041954040527344,34.67726707458496,0.6870345,76,/*+  SeqScan(pi) SeqScan(it) IndexScan(n name_pkey) IndexScan(an person_id_aka_name) IndexScan(ci person_id_cast_info) IndexScan(ml linked_movie_id_movie_link) IndexScan(t title_pkey) IndexScan(lt link_type_pkey) HashJoin(pi it) NestLoop(pi it n) NestLoop(pi it n an) NestLoop(pi it n an ci) NestLoop(pi it n an ci ml) NestLoop(pi it n an ci ml t) NestLoop(pi it n an ci ml t lt) Leading((((((((pi it) n) an) ci) ml) t) lt)) */
"['%v%', 'mini biography', 'references', 'm', 'f', '%o%', 'sandra seymour']",1,median,31.32939338684082,38.57564926147461,0.703383,76,/*+  SeqScan(pi) SeqScan(it) IndexScan(n name_pkey) IndexScan(an person_id_aka_name) IndexScan(ci person_id_cast_info) IndexScan(ml linked_movie_id_movie_link) IndexScan(t title_pkey) IndexScan(lt link_type_pkey) HashJoin(pi it) NestLoop(pi it n) NestLoop(pi it n an) NestLoop(pi it n an ci) NestLoop(pi it n an ci ml) NestLoop(pi it n an ci ml t) NestLoop(pi it n an ci ml t lt) Leading((((((((pi it) n) an) ci) ml) t) lt)) */
"['%n%', 'mini biography', 'version of', 'm', 'f', '%e%', 'frankfob2@yahoo.com']",1,median,47.41644859313965,82.84831047058105,0.6908439,76,/*+  SeqScan(pi) SeqScan(it) IndexScan(n name_pkey) IndexScan(an person_id_aka_name) IndexScan(ci person_id_cast_info) IndexScan(ml linked_movie_id_movie_link) IndexScan(t title_pkey) IndexScan(lt link_type_pkey) HashJoin(pi it) NestLoop(pi it n) NestLoop(pi it n an) NestLoop(pi it n an ci) NestLoop(pi it n an ci ml) NestLoop(pi it n an ci ml t) NestLoop(pi it n an ci ml t lt) Leading((((((((pi it) n) an) ci) ml) t) lt)) */
"['%l%', 'mini biography', 'featured in', 'f', 'm', '%c%', 'Revitalizations@aol.com']",1,median,28.870105743408203,31.954050064086914,0.69454813,76,/*+  SeqScan(pi) SeqScan(it) IndexScan(n name_pkey) IndexScan(an person_id_aka_name) IndexScan(ci person_id_cast_info) IndexScan(ml linked_movie_id_movie_link) IndexScan(t title_pkey) IndexScan(lt link_type_pkey) HashJoin(pi it) NestLoop(pi it n) NestLoop(pi it n an) NestLoop(pi it n an ci) NestLoop(pi it n an ci ml) NestLoop(pi it n an ci ml t) NestLoop(pi it n an ci ml t lt) Leading((((((((pi it) n) an) ci) ml) t) lt)) */
"['%i%', 'mini biography', 'references', 'm', 'f', '%a%', 'Shinichiro Ishikawa']",1,median,32.558441162109375,52.86240577697754,0.6937252,76,/*+  SeqScan(pi) SeqScan(it) IndexScan(n name_pkey) IndexScan(an person_id_aka_name) IndexScan(ci person_id_cast_info) IndexScan(ml linked_movie_id_movie_link) IndexScan(t title_pkey) IndexScan(lt link_type_pkey) HashJoin(pi it) NestLoop(pi it n) NestLoop(pi it n an) NestLoop(pi it n an ci) NestLoop(pi it n an ci ml) NestLoop(pi it n an ci ml t) NestLoop(pi it n an ci ml t lt) Leading((((((((pi it) n) an) ci) ml) t) lt)) */
"['%r%', 'mini biography', 'spoofed in', 'm', 'f', '%o%', 'Omega Redd <omega@tds.net>']",1,median,32.7458381652832,9.917497634887695,0.70088875,76,/*+  SeqScan(pi) SeqScan(it) IndexScan(n name_pkey) IndexScan(an person_id_aka_name) IndexScan(ci person_id_cast_info) IndexScan(ml linked_movie_id_movie_link) IndexScan(t title_pkey) IndexScan(lt link_type_pkey) HashJoin(pi it) NestLoop(pi it n) NestLoop(pi it n an) NestLoop(pi it n an ci) NestLoop(pi it n an ci ml) NestLoop(pi it n an ci ml t) NestLoop(pi it n an ci ml t lt) Leading((((((((pi it) n) an) ci) ml) t) lt)) */
"['%a%', 'mini biography', 'spoofs', 'f', 'm', '%G%', 'Snow4849']",1,median,29.366731643676758,33.8282585144043,0.68849677,76,/*+  SeqScan(pi) SeqScan(it) IndexScan(n name_pkey) IndexScan(an person_id_aka_name) IndexScan(ci person_id_cast_info) IndexScan(ml linked_movie_id_movie_link) IndexScan(t title_pkey) IndexScan(lt link_type_pkey) HashJoin(pi it) NestLoop(pi it n) NestLoop(pi it n an) NestLoop(pi it n an ci) NestLoop(pi it n an ci ml) NestLoop(pi it n an ci ml t) NestLoop(pi it n an ci ml t lt) Leading((((((((pi it) n) an) ci) ml) t) lt)) */
"['%i%', 'mini biography', 'spoofs', 'm', 'f', '%e%', 'Shannan Barr']",1,median,34.00874137878418,13.031244277954102,0.6962662,76,/*+  SeqScan(pi) SeqScan(it) IndexScan(n name_pkey) IndexScan(an person_id_aka_name) IndexScan(ci person_id_cast_info) IndexScan(ml linked_movie_id_movie_link) IndexScan(t title_pkey) IndexScan(lt link_type_pkey) HashJoin(pi it) NestLoop(pi it n) NestLoop(pi it n an) NestLoop(pi it n an ci) NestLoop(pi it n an ci ml) NestLoop(pi it n an ci ml t) NestLoop(pi it n an ci ml t lt) Leading((((((((pi it) n) an) ci) ml) t) lt)) */
"['%t%', 'mini biography', 'referenced in', 'm', 'f', '%n%', 'Anonymous']",1,median,44.05665397644043,45.95828056335449,0.6902301,76,/*+  SeqScan(pi) SeqScan(it) IndexScan(n name_pkey) IndexScan(an person_id_aka_name) IndexScan(ci person_id_cast_info) IndexScan(ml linked_movie_id_movie_link) IndexScan(t title_pkey) IndexScan(lt link_type_pkey) HashJoin(pi it) NestLoop(pi it n) NestLoop(pi it n an) NestLoop(pi it n an ci) NestLoop(pi it n an ci ml) NestLoop(pi it n an ci ml t) NestLoop(pi it n an ci ml t lt) Leading((((((((pi it) n) an) ci) ml) t) lt)) */
"['%n%', 'mini biography', 'references', 'm', 'f', '%m%', 'DANIEL']",1,median,33.57362747192383,61.701059341430664,0.6912039,76,/*+  SeqScan(pi) SeqScan(it) IndexScan(n name_pkey) IndexScan(an person_id_aka_name) IndexScan(ci person_id_cast_info) IndexScan(ml linked_movie_id_movie_link) IndexScan(t title_pkey) IndexScan(lt link_type_pkey) HashJoin(pi it) NestLoop(pi it n) NestLoop(pi it n an) NestLoop(pi it n an ci) NestLoop(pi it n an ci ml) NestLoop(pi it n an ci ml t) NestLoop(pi it n an ci ml t lt) Leading((((((((pi it) n) an) ci) ml) t) lt)) */
"['%a%', 'mini biography', 'references', 'm', 'f', '%t%', 'M Marascalchi']",1,median,32.07826614379883,52.03557014465332,0.68473583,81,/*+  SeqScan(pi) SeqScan(it) IndexScan(n name_pkey) IndexScan(ci person_id_cast_info) IndexScan(ml linked_movie_id_movie_link) IndexScan(lt link_type_pkey) IndexScan(an person_id_aka_name) IndexScan(t title_pkey) HashJoin(pi it) NestLoop(pi it n) NestLoop(pi it n ci) NestLoop(pi it n ci ml) NestLoop(pi it n ci ml lt) NestLoop(pi it n ci ml lt an) NestLoop(pi it n ci ml lt an t) Leading((((((((pi it) n) ci) ml) lt) an) t)) */
"['%b%', 'mini biography', 'references', 'm', 'f', '%n%', 'admin@nialltoibin.com']",1,median,30.960559844970703,39.227962493896484,0.6947612,76,/*+  SeqScan(pi) SeqScan(it) IndexScan(n name_pkey) IndexScan(an person_id_aka_name) IndexScan(ci person_id_cast_info) IndexScan(ml linked_movie_id_movie_link) IndexScan(t title_pkey) IndexScan(lt link_type_pkey) HashJoin(pi it) NestLoop(pi it n) NestLoop(pi it n an) NestLoop(pi it n an ci) NestLoop(pi it n an ci ml) NestLoop(pi it n an ci ml t) NestLoop(pi it n an ci ml t lt) Leading((((((((pi it) n) an) ci) ml) t) lt)) */
"['%,%', 'mini biography', 'referenced in', 'f', 'm', '%a%', 'digitaldiva']",1,median,32.4404239654541,25.780439376831055,0.68587065,76,/*+  SeqScan(pi) SeqScan(it) IndexScan(n name_pkey) IndexScan(an person_id_aka_name) IndexScan(ci person_id_cast_info) IndexScan(ml linked_movie_id_movie_link) IndexScan(t title_pkey) IndexScan(lt link_type_pkey) HashJoin(pi it) NestLoop(pi it n) NestLoop(pi it n an) NestLoop(pi it n an ci) NestLoop(pi it n an ci ml) NestLoop(pi it n an ci ml t) NestLoop(pi it n an ci ml t lt) Leading((((((((pi it) n) an) ci) ml) t) lt)) */
"['%n%', 'mini biography', 'spoofed in', 'm', 'f', '%t%', 'Bryce Rumbles, bryce@prairiecreeklibrary.org']",1,median,32.69600868225098,10.053157806396484,0.6875705,76,/*+  SeqScan(pi) SeqScan(it) IndexScan(n name_pkey) IndexScan(an person_id_aka_name) IndexScan(ci person_id_cast_info) IndexScan(ml linked_movie_id_movie_link) IndexScan(t title_pkey) IndexScan(lt link_type_pkey) HashJoin(pi it) NestLoop(pi it n) NestLoop(pi it n an) NestLoop(pi it n an ci) NestLoop(pi it n an ci ml) NestLoop(pi it n an ci ml t) NestLoop(pi it n an ci ml t lt) Leading((((((((pi it) n) an) ci) ml) t) lt)) */
"['%C%', 'mini biography', 'spoofs', 'm', 'f', '%a%', 'I.S.Mowis']",1,median,34.61909294128418,27.62913703918457,0.69446135,76,/*+  SeqScan(pi) SeqScan(it) IndexScan(n name_pkey) IndexScan(an person_id_aka_name) IndexScan(ci person_id_cast_info) IndexScan(ml linked_movie_id_movie_link) IndexScan(t title_pkey) IndexScan(lt link_type_pkey) HashJoin(pi it) NestLoop(pi it n) NestLoop(pi it n an) NestLoop(pi it n an ci) NestLoop(pi it n an ci ml) NestLoop(pi it n an ci ml t) NestLoop(pi it n an ci ml t lt) Leading((((((((pi it) n) an) ci) ml) t) lt)) */
"['%l%', 'mini biography', 'features', 'm', 'f', '%a%', 'Rolando Molina']",1,median,33.60462188720703,5.522489547729492,0.6851484,76,/*+  SeqScan(pi) SeqScan(it) IndexScan(n name_pkey) IndexScan(an person_id_aka_name) IndexScan(ci person_id_cast_info) IndexScan(ml linked_movie_id_movie_link) IndexScan(t title_pkey) IndexScan(lt link_type_pkey) HashJoin(pi it) NestLoop(pi it n) NestLoop(pi it n an) NestLoop(pi it n an ci) NestLoop(pi it n an ci ml) NestLoop(pi it n an ci ml t) NestLoop(pi it n an ci ml t lt) Leading((((((((pi it) n) an) ci) ml) t) lt)) */
"['%T%', 'mini biography', 'references', 'm', 'f', '%A%', ""Trace''s Publicist""]",1,median,29.303550720214844,51.45430564880371,0.69691634,76,/*+  SeqScan(pi) SeqScan(it) IndexScan(n name_pkey) IndexScan(an person_id_aka_name) IndexScan(ci person_id_cast_info) IndexScan(ml linked_movie_id_movie_link) IndexScan(t title_pkey) IndexScan(lt link_type_pkey) HashJoin(pi it) NestLoop(pi it n) NestLoop(pi it n an) NestLoop(pi it n an ci) NestLoop(pi it n an ci ml) NestLoop(pi it n an ci ml t) NestLoop(pi it n an ci ml t lt) Leading((((((((pi it) n) an) ci) ml) t) lt)) */
"['%n%', 'mini biography', 'spoofs', 'm', 'f', '%C%', 'firehouse44']",1,median,39.08538818359375,7.755279541015625,0.6859093,81,/*+  SeqScan(pi) SeqScan(it) IndexScan(n name_pkey) IndexScan(ci person_id_cast_info) IndexScan(ml linked_movie_id_movie_link) IndexScan(lt link_type_pkey) IndexScan(an person_id_aka_name) IndexScan(t title_pkey) HashJoin(pi it) NestLoop(pi it n) NestLoop(pi it n ci) NestLoop(pi it n ci ml) NestLoop(pi it n ci ml lt) NestLoop(pi it n ci ml lt an) NestLoop(pi it n ci ml lt an t) Leading((((((((pi it) n) ci) ml) lt) an) t)) */
"['%A%', 'mini biography', 'features', 'm', 'f', '%,%', 'rAjOo']",1,median,29.650449752807617,22.188663482666016,0.6954713,76,/*+  SeqScan(pi) SeqScan(it) IndexScan(n name_pkey) IndexScan(an person_id_aka_name) IndexScan(ci person_id_cast_info) IndexScan(ml linked_movie_id_movie_link) IndexScan(t title_pkey) IndexScan(lt link_type_pkey) HashJoin(pi it) NestLoop(pi it n) NestLoop(pi it n an) NestLoop(pi it n an ci) NestLoop(pi it n an ci ml) NestLoop(pi it n an ci ml t) NestLoop(pi it n an ci ml t lt) Leading((((((((pi it) n) an) ci) ml) t) lt)) */
"['%I%', 'mini biography', 'features', 'm', 'f', '%r%', 'Amy L. Cheetham']",1,median,32.03773498535156,31.948566436767578,0.6826894,76,/*+  SeqScan(pi) SeqScan(it) IndexScan(n name_pkey) IndexScan(an person_id_aka_name) IndexScan(ci person_id_cast_info) IndexScan(ml linked_movie_id_movie_link) IndexScan(t title_pkey) IndexScan(lt link_type_pkey) HashJoin(pi it) NestLoop(pi it n) NestLoop(pi it n an) NestLoop(pi it n an ci) NestLoop(pi it n an ci ml) NestLoop(pi it n an ci ml t) NestLoop(pi it n an ci ml t lt) Leading((((((((pi it) n) an) ci) ml) t) lt)) */
"['%c%', 'mini biography', 'version of', 'm', 'f', '%o%', 'Steve Shelokhonov']",1,median,35.582780838012695,55.283308029174805,0.69812375,76,/*+  SeqScan(pi) SeqScan(it) IndexScan(n name_pkey) IndexScan(an person_id_aka_name) IndexScan(ci person_id_cast_info) IndexScan(ml linked_movie_id_movie_link) IndexScan(t title_pkey) IndexScan(lt link_type_pkey) HashJoin(pi it) NestLoop(pi it n) NestLoop(pi it n an) NestLoop(pi it n an ci) NestLoop(pi it n an ci ml) NestLoop(pi it n an ci ml t) NestLoop(pi it n an ci ml t lt) Leading((((((((pi it) n) an) ci) ml) t) lt)) */
"['%t%', 'mini biography', 'edited into', 'm', 'f', '%,%', 'Anna Kasper']",1,median,29.680252075195312,24.886608123779297,0.69532484,76,/*+  SeqScan(pi) SeqScan(it) IndexScan(n name_pkey) IndexScan(an person_id_aka_name) IndexScan(ci person_id_cast_info) IndexScan(ml linked_movie_id_movie_link) IndexScan(t title_pkey) IndexScan(lt link_type_pkey) HashJoin(pi it) NestLoop(pi it n) NestLoop(pi it n an) NestLoop(pi it n an ci) NestLoop(pi it n an ci ml) NestLoop(pi it n an ci ml t) NestLoop(pi it n an ci ml t lt) Leading((((((((pi it) n) an) ci) ml) t) lt)) */
"['%D%', 'mini biography', 'references', 'm', 'f', '%v%', 'Anonymous']",1,median,34.475088119506836,51.9411563873291,0.69444746,76,/*+  SeqScan(pi) SeqScan(it) IndexScan(n name_pkey) IndexScan(an person_id_aka_name) IndexScan(ci person_id_cast_info) IndexScan(ml linked_movie_id_movie_link) IndexScan(t title_pkey) IndexScan(lt link_type_pkey) HashJoin(pi it) NestLoop(pi it n) NestLoop(pi it n an) NestLoop(pi it n an ci) NestLoop(pi it n an ci ml) NestLoop(pi it n an ci ml t) NestLoop(pi it n an ci ml t lt) Leading((((((((pi it) n) an) ci) ml) t) lt)) */
"['%o%', 'mini biography', 'references', 'm', 'f', '%l%', 'Jim Beaver <jumblejim@prodigy.net>']",1,median,44.551849365234375,67.26908683776855,0.7008324,76,/*+  SeqScan(pi) SeqScan(it) IndexScan(n name_pkey) IndexScan(an person_id_aka_name) IndexScan(ci person_id_cast_info) IndexScan(ml linked_movie_id_movie_link) IndexScan(t title_pkey) IndexScan(lt link_type_pkey) HashJoin(pi it) NestLoop(pi it n) NestLoop(pi it n an) NestLoop(pi it n an ci) NestLoop(pi it n an ci ml) NestLoop(pi it n an ci ml t) NestLoop(pi it n an ci ml t lt) Leading((((((((pi it) n) an) ci) ml) t) lt)) */
"['%o%', 'mini biography', 'featured in', 'm', 'f', '%N%', 'Calliope']",1,median,33.07032585144043,9.139060974121094,0.6893708,76,/*+  SeqScan(pi) SeqScan(it) IndexScan(n name_pkey) IndexScan(an person_id_aka_name) IndexScan(ci person_id_cast_info) IndexScan(ml linked_movie_id_movie_link) IndexScan(t title_pkey) IndexScan(lt link_type_pkey) HashJoin(pi it) NestLoop(pi it n) NestLoop(pi it n an) NestLoop(pi it n an ci) NestLoop(pi it n an ci ml) NestLoop(pi it n an ci ml t) NestLoop(pi it n an ci ml t lt) Leading((((((((pi it) n) an) ci) ml) t) lt)) */
"['%,%', 'mini biography', 'spoofed in', 'm', 'f', '%a%', 'mike.konczewski@itb.mckhboc.com']",1,median,32.33051300048828,9.839773178100586,0.6871346,76,/*+  SeqScan(pi) SeqScan(it) IndexScan(n name_pkey) IndexScan(an person_id_aka_name) IndexScan(ci person_id_cast_info) IndexScan(ml linked_movie_id_movie_link) IndexScan(t title_pkey) IndexScan(lt link_type_pkey) HashJoin(pi it) NestLoop(pi it n) NestLoop(pi it n an) NestLoop(pi it n an ci) NestLoop(pi it n an ci ml) NestLoop(pi it n an ci ml t) NestLoop(pi it n an ci ml t lt) Leading((((((((pi it) n) an) ci) ml) t) lt)) */
"['%i%', 'mini biography', 'version of', 'm', 'f', '%u%', ""Stephan Eichenberg (qv''s & corrections by A. Nonymous)""]",1,median,32.88006782531738,67.10481643676758,0.6943568,76,/*+  SeqScan(pi) SeqScan(it) IndexScan(n name_pkey) IndexScan(an person_id_aka_name) IndexScan(ci person_id_cast_info) IndexScan(ml linked_movie_id_movie_link) IndexScan(t title_pkey) IndexScan(lt link_type_pkey) HashJoin(pi it) NestLoop(pi it n) NestLoop(pi it n an) NestLoop(pi it n an ci) NestLoop(pi it n an ci ml) NestLoop(pi it n an ci ml t) NestLoop(pi it n an ci ml t lt) Leading((((((((pi it) n) an) ci) ml) t) lt)) */
"['%o%', 'mini biography', 'references', 'm', 'f', '%d%', 'Falstaff Openshaw']",1,median,32.88912773132324,52.10542678833008,0.68755275,76,/*+  SeqScan(pi) SeqScan(it) IndexScan(n name_pkey) IndexScan(an person_id_aka_name) IndexScan(ci person_id_cast_info) IndexScan(ml linked_movie_id_movie_link) IndexScan(t title_pkey) IndexScan(lt link_type_pkey) HashJoin(pi it) NestLoop(pi it n) NestLoop(pi it n an) NestLoop(pi it n an ci) NestLoop(pi it n an ci ml) NestLoop(pi it n an ci ml t) NestLoop(pi it n an ci ml t lt) Leading((((((((pi it) n) an) ci) ml) t) lt)) */
"['%m%', 'mini biography', 'references', 'f', 'm', '%a%', 'frankfob2@yahoo.com']",1,median,38.21444511413574,51.35750770568848,0.6942016,76,/*+  SeqScan(pi) SeqScan(it) IndexScan(n name_pkey) IndexScan(an person_id_aka_name) IndexScan(ci person_id_cast_info) IndexScan(ml linked_movie_id_movie_link) IndexScan(t title_pkey) IndexScan(lt link_type_pkey) HashJoin(pi it) NestLoop(pi it n) NestLoop(pi it n an) NestLoop(pi it n an ci) NestLoop(pi it n an ci ml) NestLoop(pi it n an ci ml t) NestLoop(pi it n an ci ml t lt) Leading((((((((pi it) n) an) ci) ml) t) lt)) */
"['%D%', 'mini biography', 'referenced in', 'm', 'f', '%e%', 'John Stuart Wildman']",1,median,31.87870979309082,36.376953125,0.69889295,76,/*+  SeqScan(pi) SeqScan(it) IndexScan(n name_pkey) IndexScan(an person_id_aka_name) IndexScan(ci person_id_cast_info) IndexScan(ml linked_movie_id_movie_link) IndexScan(t title_pkey) IndexScan(lt link_type_pkey) HashJoin(pi it) NestLoop(pi it n) NestLoop(pi it n an) NestLoop(pi it n an ci) NestLoop(pi it n an ci ml) NestLoop(pi it n an ci ml t) NestLoop(pi it n an ci ml t lt) Leading((((((((pi it) n) an) ci) ml) t) lt)) */
"['%a%', 'mini biography', 'followed by', 'm', 'f', '%R%', 'Mr-P-Bateman']",1,median,35.5830192565918,15.379905700683594,0.68439174,76,/*+  SeqScan(pi) SeqScan(it) IndexScan(n name_pkey) IndexScan(an person_id_aka_name) IndexScan(ci person_id_cast_info) IndexScan(ml linked_movie_id_movie_link) IndexScan(t title_pkey) IndexScan(lt link_type_pkey) HashJoin(pi it) NestLoop(pi it n) NestLoop(pi it n an) NestLoop(pi it n an ci) NestLoop(pi it n an ci ml) NestLoop(pi it n an ci ml t) NestLoop(pi it n an ci ml t lt) Leading((((((((pi it) n) an) ci) ml) t) lt)) */
"['%t%', 'mini biography', 'version of', 'm', 'f', '%E%', 'spouse']",1,median,34.23285484313965,55.483102798461914,0.68884486,76,/*+  SeqScan(pi) SeqScan(it) IndexScan(n name_pkey) IndexScan(an person_id_aka_name) IndexScan(ci person_id_cast_info) IndexScan(ml linked_movie_id_movie_link) IndexScan(t title_pkey) IndexScan(lt link_type_pkey) HashJoin(pi it) NestLoop(pi it n) NestLoop(pi it n an) NestLoop(pi it n an ci) NestLoop(pi it n an ci ml) NestLoop(pi it n an ci ml t) NestLoop(pi it n an ci ml t lt) Leading((((((((pi it) n) an) ci) ml) t) lt)) */
"['%e%', 'mini biography', 'version of', 'f', 'm', '%e%', 'Meredy <meredy@meredy.com>']",1,median,32.325029373168945,68.76325607299805,0.6790611,76,/*+  SeqScan(pi) SeqScan(it) IndexScan(n name_pkey) IndexScan(an person_id_aka_name) IndexScan(ci person_id_cast_info) IndexScan(ml linked_movie_id_movie_link) IndexScan(t title_pkey) IndexScan(lt link_type_pkey) HashJoin(pi it) NestLoop(pi it n) NestLoop(pi it n an) NestLoop(pi it n an ci) NestLoop(pi it n an ci ml) NestLoop(pi it n an ci ml t) NestLoop(pi it n an ci ml t lt) Leading((((((((pi it) n) an) ci) ml) t) lt)) */
"['%r%', 'mini biography', 'features', 'm', 'f', '%n%', 'Jeanne Berg']",1,median,32.808780670166016,5.430936813354492,0.6946258,76,/*+  SeqScan(pi) SeqScan(it) IndexScan(n name_pkey) IndexScan(an person_id_aka_name) IndexScan(ci person_id_cast_info) IndexScan(ml linked_movie_id_movie_link) IndexScan(t title_pkey) IndexScan(lt link_type_pkey) HashJoin(pi it) NestLoop(pi it n) NestLoop(pi it n an) NestLoop(pi it n an ci) NestLoop(pi it n an ci ml) NestLoop(pi it n an ci ml t) NestLoop(pi it n an ci ml t lt) Leading((((((((pi it) n) an) ci) ml) t) lt)) */
"['%o%', 'mini biography', 'spoofed in', 'm', 'f', '%r%', 'Ken Severson']",1,median,33.3709716796875,10.185718536376953,0.69497806,76,/*+  SeqScan(pi) SeqScan(it) IndexScan(n name_pkey) IndexScan(an person_id_aka_name) IndexScan(ci person_id_cast_info) IndexScan(ml linked_movie_id_movie_link) IndexScan(t title_pkey) IndexScan(lt link_type_pkey) HashJoin(pi it) NestLoop(pi it n) NestLoop(pi it n an) NestLoop(pi it n an ci) NestLoop(pi it n an ci ml) NestLoop(pi it n an ci ml t) NestLoop(pi it n an ci ml t lt) Leading((((((((pi it) n) an) ci) ml) t) lt)) */
"['%e%', 'mini biography', 'references', 'm', 'f', '%,%', 'Ken Miller']",1,median,32.862186431884766,52.67477035522461,0.68323934,76,/*+  SeqScan(pi) SeqScan(it) IndexScan(n name_pkey) IndexScan(an person_id_aka_name) IndexScan(ci person_id_cast_info) IndexScan(ml linked_movie_id_movie_link) IndexScan(t title_pkey) IndexScan(lt link_type_pkey) HashJoin(pi it) NestLoop(pi it n) NestLoop(pi it n an) NestLoop(pi it n an ci) NestLoop(pi it n an ci ml) NestLoop(pi it n an ci ml t) NestLoop(pi it n an ci ml t lt) Leading((((((((pi it) n) an) ci) ml) t) lt)) */
"['%a%', 'mini biography', 'features', 'm', 'f', '%,%', 'Ray Hamel']",1,median,34.31534767150879,11.108875274658203,0.6829072,76,/*+  SeqScan(pi) SeqScan(it) IndexScan(n name_pkey) IndexScan(an person_id_aka_name) IndexScan(ci person_id_cast_info) IndexScan(ml linked_movie_id_movie_link) IndexScan(t title_pkey) IndexScan(lt link_type_pkey) HashJoin(pi it) NestLoop(pi it n) NestLoop(pi it n an) NestLoop(pi it n an ci) NestLoop(pi it n an ci ml) NestLoop(pi it n an ci ml t) NestLoop(pi it n an ci ml t lt) Leading((((((((pi it) n) an) ci) ml) t) lt)) */
"['%i%', 'mini biography', 'features', 'm', 'f', '%,%', 'dolcevita00@hotmail.com']",1,median,33.42294692993164,5.410671234130859,0.6946788,76,/*+  SeqScan(pi) SeqScan(it) IndexScan(n name_pkey) IndexScan(an person_id_aka_name) IndexScan(ci person_id_cast_info) IndexScan(ml linked_movie_id_movie_link) IndexScan(t title_pkey) IndexScan(lt link_type_pkey) HashJoin(pi it) NestLoop(pi it n) NestLoop(pi it n an) NestLoop(pi it n an ci) NestLoop(pi it n an ci ml) NestLoop(pi it n an ci ml t) NestLoop(pi it n an ci ml t lt) Leading((((((((pi it) n) an) ci) ml) t) lt)) */
"['%e%', 'mini biography', 'features', 'm', 'f', '%a%', 'a.trempe@polyinter.com']",1,median,37.91332244873047,12.298583984375,0.6760484,76,/*+  SeqScan(pi) SeqScan(it) IndexScan(n name_pkey) IndexScan(an person_id_aka_name) IndexScan(ci person_id_cast_info) IndexScan(ml linked_movie_id_movie_link) IndexScan(t title_pkey) IndexScan(lt link_type_pkey) HashJoin(pi it) NestLoop(pi it n) NestLoop(pi it n an) NestLoop(pi it n an ci) NestLoop(pi it n an ci ml) NestLoop(pi it n an ci ml t) NestLoop(pi it n an ci ml t lt) Leading((((((((pi it) n) an) ci) ml) t) lt)) */
"['%J%', 'mini biography', 'follows', 'm', 'f', '%u%', 'Ray Hamel']",1,median,32.16242790222168,25.127172470092773,0.6995365,76,/*+  SeqScan(pi) SeqScan(it) IndexScan(n name_pkey) IndexScan(an person_id_aka_name) IndexScan(ci person_id_cast_info) IndexScan(ml linked_movie_id_movie_link) IndexScan(t title_pkey) IndexScan(lt link_type_pkey) HashJoin(pi it) NestLoop(pi it n) NestLoop(pi it n an) NestLoop(pi it n an ci) NestLoop(pi it n an ci ml) NestLoop(pi it n an ci ml t) NestLoop(pi it n an ci ml t lt) Leading((((((((pi it) n) an) ci) ml) t) lt)) */
"['%i%', 'mini biography', 'references', 'f', 'm', '%a%', 'Bill Takacs <kinephile@aol.com>']",1,median,40.18735885620117,56.05483055114746,0.69690347,76,/*+  SeqScan(pi) SeqScan(it) IndexScan(n name_pkey) IndexScan(an person_id_aka_name) IndexScan(ci person_id_cast_info) IndexScan(ml linked_movie_id_movie_link) IndexScan(t title_pkey) IndexScan(lt link_type_pkey) HashJoin(pi it) NestLoop(pi it n) NestLoop(pi it n an) NestLoop(pi it n an ci) NestLoop(pi it n an ci ml) NestLoop(pi it n an ci ml t) NestLoop(pi it n an ci ml t lt) Leading((((((((pi it) n) an) ci) ml) t) lt)) */
"['%H%', 'mini biography', 'edited from', 'm', 'f', '%W%', 'Melissa Portell <mportell@s-cwis.unomaha.edu>']",1,median,30.028820037841797,25.883197784423828,0.69058526,76,/*+  SeqScan(pi) SeqScan(it) IndexScan(n name_pkey) IndexScan(an person_id_aka_name) IndexScan(ci person_id_cast_info) IndexScan(ml linked_movie_id_movie_link) IndexScan(t title_pkey) IndexScan(lt link_type_pkey) HashJoin(pi it) NestLoop(pi it n) NestLoop(pi it n an) NestLoop(pi it n an ci) NestLoop(pi it n an ci ml) NestLoop(pi it n an ci ml t) NestLoop(pi it n an ci ml t lt) Leading((((((((pi it) n) an) ci) ml) t) lt)) */
"['%A%', 'mini biography', 'referenced in', 'f', 'm', '%,%', 'Rick']",1,median,32.3486328125,39.587974548339844,0.6975657,76,/*+  SeqScan(pi) SeqScan(it) IndexScan(n name_pkey) IndexScan(an person_id_aka_name) IndexScan(ci person_id_cast_info) IndexScan(ml linked_movie_id_movie_link) IndexScan(t title_pkey) IndexScan(lt link_type_pkey) HashJoin(pi it) NestLoop(pi it n) NestLoop(pi it n an) NestLoop(pi it n an ci) NestLoop(pi it n an ci ml) NestLoop(pi it n an ci ml t) NestLoop(pi it n an ci ml t lt) Leading((((((((pi it) n) an) ci) ml) t) lt)) */
"['%G%', 'mini biography', 'referenced in', 'f', 'm', '%a%', 'Gary Brumburgh / gr-home@pacbell.net']",1,median,36.49473190307617,37.18090057373047,0.6917293,76,/*+  SeqScan(pi) SeqScan(it) IndexScan(n name_pkey) IndexScan(an person_id_aka_name) IndexScan(ci person_id_cast_info) IndexScan(ml linked_movie_id_movie_link) IndexScan(t title_pkey) IndexScan(lt link_type_pkey) HashJoin(pi it) NestLoop(pi it n) NestLoop(pi it n an) NestLoop(pi it n an ci) NestLoop(pi it n an ci ml) NestLoop(pi it n an ci ml t) NestLoop(pi it n an ci ml t lt) Leading((((((((pi it) n) an) ci) ml) t) lt)) */
"['%S%', 'mini biography', 'referenced in', 'm', 'f', '%n%', 'Stephanie Koston']",1,median,29.206037521362305,35.079240798950195,0.6943245,76,/*+  SeqScan(pi) SeqScan(it) IndexScan(n name_pkey) IndexScan(an person_id_aka_name) IndexScan(ci person_id_cast_info) IndexScan(ml linked_movie_id_movie_link) IndexScan(t title_pkey) IndexScan(lt link_type_pkey) HashJoin(pi it) NestLoop(pi it n) NestLoop(pi it n an) NestLoop(pi it n an ci) NestLoop(pi it n an ci ml) NestLoop(pi it n an ci ml t) NestLoop(pi it n an ci ml t lt) Leading((((((((pi it) n) an) ci) ml) t) lt)) */
"['%t%', 'mini biography', 'references', 'm', 'f', '%c%', 'Anonymous']",1,median,41.6867733001709,45.12500762939453,0.6920745,76,/*+  SeqScan(pi) SeqScan(it) IndexScan(n name_pkey) IndexScan(an person_id_aka_name) IndexScan(ci person_id_cast_info) IndexScan(ml linked_movie_id_movie_link) IndexScan(t title_pkey) IndexScan(lt link_type_pkey) HashJoin(pi it) NestLoop(pi it n) NestLoop(pi it n an) NestLoop(pi it n an ci) NestLoop(pi it n an ci ml) NestLoop(pi it n an ci ml t) NestLoop(pi it n an ci ml t lt) Leading((((((((pi it) n) an) ci) ml) t) lt)) */
"['%B%', 'mini biography', 'references', 'm', 'f', '%n%', 'Jack Backstreet']",1,median,29.542207717895508,45.7768440246582,0.6910871,76,/*+  SeqScan(pi) SeqScan(it) IndexScan(n name_pkey) IndexScan(an person_id_aka_name) IndexScan(ci person_id_cast_info) IndexScan(ml linked_movie_id_movie_link) IndexScan(t title_pkey) IndexScan(lt link_type_pkey) HashJoin(pi it) NestLoop(pi it n) NestLoop(pi it n an) NestLoop(pi it n an ci) NestLoop(pi it n an ci ml) NestLoop(pi it n an ci ml t) NestLoop(pi it n an ci ml t lt) Leading((((((((pi it) n) an) ci) ml) t) lt)) */
"['%e%', 'mini biography', 'features', 'm', 'f', '%d%', 'Emmanuelle Milaszewska']",1,median,36.94653511047363,12.627840042114258,0.68189526,76,/*+  SeqScan(pi) SeqScan(it) IndexScan(n name_pkey) IndexScan(an person_id_aka_name) IndexScan(ci person_id_cast_info) IndexScan(ml linked_movie_id_movie_link) IndexScan(t title_pkey) IndexScan(lt link_type_pkey) HashJoin(pi it) NestLoop(pi it n) NestLoop(pi it n an) NestLoop(pi it n an ci) NestLoop(pi it n an ci ml) NestLoop(pi it n an ci ml t) NestLoop(pi it n an ci ml t lt) Leading((((((((pi it) n) an) ci) ml) t) lt)) */
"['%i%', 'mini biography', 'version of', 'f', 'm', '%a%', 'frankfob2@yahoo.com']",1,median,43.814897537231445,73.71115684509277,0.69383615,76,/*+  SeqScan(pi) SeqScan(it) IndexScan(n name_pkey) IndexScan(an person_id_aka_name) IndexScan(ci person_id_cast_info) IndexScan(ml linked_movie_id_movie_link) IndexScan(t title_pkey) IndexScan(lt link_type_pkey) HashJoin(pi it) NestLoop(pi it n) NestLoop(pi it n an) NestLoop(pi it n an ci) NestLoop(pi it n an ci ml) NestLoop(pi it n an ci ml t) NestLoop(pi it n an ci ml t lt) Leading((((((((pi it) n) an) ci) ml) t) lt)) */
"['%.%', 'mini biography', 'spoofs', 'm', 'f', '%n%', 'Bill Takacs <kinephile@aol.com>']",1,median,37.12344169616699,33.14614295959473,0.6907335,76,/*+  SeqScan(pi) SeqScan(it) IndexScan(n name_pkey) IndexScan(an person_id_aka_name) IndexScan(ci person_id_cast_info) IndexScan(ml linked_movie_id_movie_link) IndexScan(t title_pkey) IndexScan(lt link_type_pkey) HashJoin(pi it) NestLoop(pi it n) NestLoop(pi it n an) NestLoop(pi it n an ci) NestLoop(pi it n an ci ml) NestLoop(pi it n an ci ml t) NestLoop(pi it n an ci ml t lt) Leading((((((((pi it) n) an) ci) ml) t) lt)) */
"['%c%', 'mini biography', 'referenced in', 'f', 'm', '%l%', 'Jason Ankeny All Music Guide']",1,median,31.679391860961914,36.85927391052246,0.6966864,76,/*+  SeqScan(pi) SeqScan(it) IndexScan(n name_pkey) IndexScan(an person_id_aka_name) IndexScan(ci person_id_cast_info) IndexScan(ml linked_movie_id_movie_link) IndexScan(t title_pkey) IndexScan(lt link_type_pkey) HashJoin(pi it) NestLoop(pi it n) NestLoop(pi it n an) NestLoop(pi it n an ci) NestLoop(pi it n an ci ml) NestLoop(pi it n an ci ml t) NestLoop(pi it n an ci ml t lt) Leading((((((((pi it) n) an) ci) ml) t) lt)) */
"['%e%', 'mini biography', 'references', 'm', 'f', '%a%', 'Jon C. Hopwood']",1,median,45.86601257324219,67.50178337097168,0.6843201,76,/*+  SeqScan(pi) SeqScan(it) IndexScan(n name_pkey) IndexScan(an person_id_aka_name) IndexScan(ci person_id_cast_info) IndexScan(ml linked_movie_id_movie_link) IndexScan(t title_pkey) IndexScan(lt link_type_pkey) HashJoin(pi it) NestLoop(pi it n) NestLoop(pi it n an) NestLoop(pi it n an ci) NestLoop(pi it n an ci ml) NestLoop(pi it n an ci ml t) NestLoop(pi it n an ci ml t lt) Leading((((((((pi it) n) an) ci) ml) t) lt)) */
"['%o%', 'mini biography', 'featured in', 'm', 'f', '%r%', 'Peter Sean']",1,median,32.75704383850098,9.192228317260742,0.6836027,76,/*+  SeqScan(pi) SeqScan(it) IndexScan(n name_pkey) IndexScan(an person_id_aka_name) IndexScan(ci person_id_cast_info) IndexScan(ml linked_movie_id_movie_link) IndexScan(t title_pkey) IndexScan(lt link_type_pkey) HashJoin(pi it) NestLoop(pi it n) NestLoop(pi it n an) NestLoop(pi it n an ci) NestLoop(pi it n an ci ml) NestLoop(pi it n an ci ml t) NestLoop(pi it n an ci ml t lt) Leading((((((((pi it) n) an) ci) ml) t) lt)) */
"['%J%', 'mini biography', 'features', 'm', 'f', '%n%', 'Anonymous 2012']",1,median,31.33416175842285,26.355981826782227,0.69199795,76,/*+  SeqScan(pi) SeqScan(it) IndexScan(n name_pkey) IndexScan(an person_id_aka_name) IndexScan(ci person_id_cast_info) IndexScan(ml linked_movie_id_movie_link) IndexScan(t title_pkey) IndexScan(lt link_type_pkey) HashJoin(pi it) NestLoop(pi it n) NestLoop(pi it n an) NestLoop(pi it n an ci) NestLoop(pi it n an ci ml) NestLoop(pi it n an ci ml t) NestLoop(pi it n an ci ml t lt) Leading((((((((pi it) n) an) ci) ml) t) lt)) */
"['%F%', 'mini biography', 'features', 'm', 'f', '%e%', 'I.S.Mowis']",1,median,33.82515907287598,25.98261833190918,0.6859863,76,/*+  SeqScan(pi) SeqScan(it) IndexScan(n name_pkey) IndexScan(an person_id_aka_name) IndexScan(ci person_id_cast_info) IndexScan(ml linked_movie_id_movie_link) IndexScan(t title_pkey) IndexScan(lt link_type_pkey) HashJoin(pi it) NestLoop(pi it n) NestLoop(pi it n an) NestLoop(pi it n an ci) NestLoop(pi it n an ci ml) NestLoop(pi it n an ci ml t) NestLoop(pi it n an ci ml t lt) Leading((((((((pi it) n) an) ci) ml) t) lt)) */
"['%e%', 'mini biography', 'referenced in', 'm', 'f', '%o%', 'jeff_fallis']",1,median,32.97281265258789,26.895761489868164,0.6951662,76,/*+  SeqScan(pi) SeqScan(it) IndexScan(n name_pkey) IndexScan(an person_id_aka_name) IndexScan(ci person_id_cast_info) IndexScan(ml linked_movie_id_movie_link) IndexScan(t title_pkey) IndexScan(lt link_type_pkey) HashJoin(pi it) NestLoop(pi it n) NestLoop(pi it n an) NestLoop(pi it n an ci) NestLoop(pi it n an ci ml) NestLoop(pi it n an ci ml t) NestLoop(pi it n an ci ml t lt) Leading((((((((pi it) n) an) ci) ml) t) lt)) */
"['%Ã%', 'mini biography', 'references', 'm', 'f', '%s%', 'Gary Brumburgh / gr-home@pacbell.net']",1,median,33.95819664001465,36.32497787475586,0.6942083,76,/*+  SeqScan(pi) SeqScan(it) IndexScan(n name_pkey) IndexScan(an person_id_aka_name) IndexScan(ci person_id_cast_info) IndexScan(ml linked_movie_id_movie_link) IndexScan(t title_pkey) IndexScan(lt link_type_pkey) HashJoin(pi it) NestLoop(pi it n) NestLoop(pi it n an) NestLoop(pi it n an ci) NestLoop(pi it n an ci ml) NestLoop(pi it n an ci ml t) NestLoop(pi it n an ci ml t lt) Leading((((((((pi it) n) an) ci) ml) t) lt)) */
"['%R%', 'mini biography', 'references', 'f', 'm', '%u%', 'Ed Stephan <stephan@cc.wwu.edu>']",1,median,34.0268611907959,43.54119300842285,0.7015616,76,/*+  SeqScan(pi) SeqScan(it) IndexScan(n name_pkey) IndexScan(an person_id_aka_name) IndexScan(ci person_id_cast_info) IndexScan(ml linked_movie_id_movie_link) IndexScan(t title_pkey) IndexScan(lt link_type_pkey) HashJoin(pi it) NestLoop(pi it n) NestLoop(pi it n an) NestLoop(pi it n an ci) NestLoop(pi it n an ci ml) NestLoop(pi it n an ci ml t) NestLoop(pi it n an ci ml t lt) Leading((((((((pi it) n) an) ci) ml) t) lt)) */
"['%,%', 'mini biography', 'references', 'm', 'f', '%m%', 'paulbalsillie@hotmail.com']",1,median,33.03933143615723,53.64656448364258,0.69362766,76,/*+  SeqScan(pi) SeqScan(it) IndexScan(n name_pkey) IndexScan(an person_id_aka_name) IndexScan(ci person_id_cast_info) IndexScan(ml linked_movie_id_movie_link) IndexScan(t title_pkey) IndexScan(lt link_type_pkey) HashJoin(pi it) NestLoop(pi it n) NestLoop(pi it n an) NestLoop(pi it n an ci) NestLoop(pi it n an ci ml) NestLoop(pi it n an ci ml t) NestLoop(pi it n an ci ml t lt) Leading((((((((pi it) n) an) ci) ml) t) lt)) */
"['%S%', 'mini biography', 'features', 'm', 'f', '%r%', 'B. J. Coverdale']",1,median,32.47857093811035,26.47256851196289,0.68776083,76,/*+  SeqScan(pi) SeqScan(it) IndexScan(n name_pkey) IndexScan(an person_id_aka_name) IndexScan(ci person_id_cast_info) IndexScan(ml linked_movie_id_movie_link) IndexScan(t title_pkey) IndexScan(lt link_type_pkey) HashJoin(pi it) NestLoop(pi it n) NestLoop(pi it n an) NestLoop(pi it n an ci) NestLoop(pi it n an ci ml) NestLoop(pi it n an ci ml t) NestLoop(pi it n an ci ml t lt) Leading((((((((pi it) n) an) ci) ml) t) lt)) */
"['%o%', 'mini biography', 'references', 'm', 'f', '%j%', 'Alex Hajdu']",1,median,32.389163970947266,61.902761459350586,0.6927682,76,/*+  SeqScan(pi) SeqScan(it) IndexScan(n name_pkey) IndexScan(an person_id_aka_name) IndexScan(ci person_id_cast_info) IndexScan(ml linked_movie_id_movie_link) IndexScan(t title_pkey) IndexScan(lt link_type_pkey) HashJoin(pi it) NestLoop(pi it n) NestLoop(pi it n an) NestLoop(pi it n an ci) NestLoop(pi it n an ci ml) NestLoop(pi it n an ci ml t) NestLoop(pi it n an ci ml t lt) Leading((((((((pi it) n) an) ci) ml) t) lt)) */
"['%i%', 'mini biography', 'features', 'm', 'f', '%i%', 'Jon C. Hopwood']",1,median,46.497344970703125,6.03485107421875,0.6922576,76,/*+  SeqScan(pi) SeqScan(it) IndexScan(n name_pkey) IndexScan(an person_id_aka_name) IndexScan(ci person_id_cast_info) IndexScan(ml linked_movie_id_movie_link) IndexScan(t title_pkey) IndexScan(lt link_type_pkey) HashJoin(pi it) NestLoop(pi it n) NestLoop(pi it n an) NestLoop(pi it n an ci) NestLoop(pi it n an ci ml) NestLoop(pi it n an ci ml t) NestLoop(pi it n an ci ml t lt) Leading((((((((pi it) n) an) ci) ml) t) lt)) */
"['%J%', 'mini biography', 'features', 'f', 'm', '%e%', 'Anonymous']",1,median,42.653560638427734,36.83161735534668,0.6869855,76,/*+  SeqScan(pi) SeqScan(it) IndexScan(n name_pkey) IndexScan(an person_id_aka_name) IndexScan(ci person_id_cast_info) IndexScan(ml linked_movie_id_movie_link) IndexScan(t title_pkey) IndexScan(lt link_type_pkey) HashJoin(pi it) NestLoop(pi it n) NestLoop(pi it n an) NestLoop(pi it n an ci) NestLoop(pi it n an ci ml) NestLoop(pi it n an ci ml t) NestLoop(pi it n an ci ml t lt) Leading((((((((pi it) n) an) ci) ml) t) lt)) */
"['%i%', 'mini biography', 'references', 'f', 'm', '%a%', 'Self']",1,median,32.738685607910156,52.994728088378906,0.696191,76,/*+  SeqScan(pi) SeqScan(it) IndexScan(n name_pkey) IndexScan(an person_id_aka_name) IndexScan(ci person_id_cast_info) IndexScan(ml linked_movie_id_movie_link) IndexScan(t title_pkey) IndexScan(lt link_type_pkey) HashJoin(pi it) NestLoop(pi it n) NestLoop(pi it n an) NestLoop(pi it n an ci) NestLoop(pi it n an ci ml) NestLoop(pi it n an ci ml t) NestLoop(pi it n an ci ml t lt) Leading((((((((pi it) n) an) ci) ml) t) lt)) */
"['%r%', 'mini biography', 'features', 'f', 'm', '%s%', 'CJ']",1,median,34.31081771850586,35.161733627319336,0.69703203,76,/*+  SeqScan(pi) SeqScan(it) IndexScan(n name_pkey) IndexScan(an person_id_aka_name) IndexScan(ci person_id_cast_info) IndexScan(ml linked_movie_id_movie_link) IndexScan(t title_pkey) IndexScan(lt link_type_pkey) HashJoin(pi it) NestLoop(pi it n) NestLoop(pi it n an) NestLoop(pi it n an ci) NestLoop(pi it n an ci ml) NestLoop(pi it n an ci ml t) NestLoop(pi it n an ci ml t lt) Leading((((((((pi it) n) an) ci) ml) t) lt)) */
"['%i%', 'mini biography', 'features', 'f', 'm', '%L%', 'KLange']",1,median,34.514665603637695,10.51640510559082,0.6920553,76,/*+  SeqScan(pi) SeqScan(it) IndexScan(n name_pkey) IndexScan(an person_id_aka_name) IndexScan(ci person_id_cast_info) IndexScan(ml linked_movie_id_movie_link) IndexScan(t title_pkey) IndexScan(lt link_type_pkey) HashJoin(pi it) NestLoop(pi it n) NestLoop(pi it n an) NestLoop(pi it n an ci) NestLoop(pi it n an ci ml) NestLoop(pi it n an ci ml t) NestLoop(pi it n an ci ml t lt) Leading((((((((pi it) n) an) ci) ml) t) lt)) */
"['%e%', 'mini biography', 'featured in', 'm', 'f', '%S%', 'Curtis Gray']",1,median,32.03225135803223,9.006023406982422,0.6894571,76,/*+  SeqScan(pi) SeqScan(it) IndexScan(n name_pkey) IndexScan(an person_id_aka_name) IndexScan(ci person_id_cast_info) IndexScan(ml linked_movie_id_movie_link) IndexScan(t title_pkey) IndexScan(lt link_type_pkey) HashJoin(pi it) NestLoop(pi it n) NestLoop(pi it n an) NestLoop(pi it n an ci) NestLoop(pi it n an ci ml) NestLoop(pi it n an ci ml t) NestLoop(pi it n an ci ml t lt) Leading((((((((pi it) n) an) ci) ml) t) lt)) */
"['%C%', 'mini biography', 'referenced in', 'f', 'm', '%s%', 'A. Nonymous']",1,median,33.13493728637695,35.54415702819824,0.69581854,76,/*+  SeqScan(pi) SeqScan(it) IndexScan(n name_pkey) IndexScan(an person_id_aka_name) IndexScan(ci person_id_cast_info) IndexScan(ml linked_movie_id_movie_link) IndexScan(t title_pkey) IndexScan(lt link_type_pkey) HashJoin(pi it) NestLoop(pi it n) NestLoop(pi it n an) NestLoop(pi it n an ci) NestLoop(pi it n an ci ml) NestLoop(pi it n an ci ml t) NestLoop(pi it n an ci ml t lt) Leading((((((((pi it) n) an) ci) ml) t) lt)) */
"['%a%', 'mini biography', 'references', 'm', 'f', '%o%', 'Che Levar']",1,median,32.907724380493164,52.30832099914551,0.6933648,76,/*+  SeqScan(pi) SeqScan(it) IndexScan(n name_pkey) IndexScan(an person_id_aka_name) IndexScan(ci person_id_cast_info) IndexScan(ml linked_movie_id_movie_link) IndexScan(t title_pkey) IndexScan(lt link_type_pkey) HashJoin(pi it) NestLoop(pi it n) NestLoop(pi it n an) NestLoop(pi it n an ci) NestLoop(pi it n an ci ml) NestLoop(pi it n an ci ml t) NestLoop(pi it n an ci ml t lt) Leading((((((((pi it) n) an) ci) ml) t) lt)) */
"['%l%', 'mini biography', 'version of', 'm', 'f', '%B%', 'Donovan Webber']",1,median,32.936811447143555,68.51696968078613,0.6910852,76,/*+  SeqScan(pi) SeqScan(it) IndexScan(n name_pkey) IndexScan(an person_id_aka_name) IndexScan(ci person_id_cast_info) IndexScan(ml linked_movie_id_movie_link) IndexScan(t title_pkey) IndexScan(lt link_type_pkey) HashJoin(pi it) NestLoop(pi it n) NestLoop(pi it n an) NestLoop(pi it n an ci) NestLoop(pi it n an ci ml) NestLoop(pi it n an ci ml t) NestLoop(pi it n an ci ml t lt) Leading((((((((pi it) n) an) ci) ml) t) lt)) */
"['%o%', 'mini biography', 'references', 'f', 'm', '%N%', 'DeVaughn']",1,median,32.75465965270996,45.97139358520508,0.7048506,76,/*+  SeqScan(pi) SeqScan(it) IndexScan(n name_pkey) IndexScan(an person_id_aka_name) IndexScan(ci person_id_cast_info) IndexScan(ml linked_movie_id_movie_link) IndexScan(t title_pkey) IndexScan(lt link_type_pkey) HashJoin(pi it) NestLoop(pi it n) NestLoop(pi it n an) NestLoop(pi it n an ci) NestLoop(pi it n an ci ml) NestLoop(pi it n an ci ml t) NestLoop(pi it n an ci ml t lt) Leading((((((((pi it) n) an) ci) ml) t) lt)) */
"['%H%', 'mini biography', 'features', 'm', 'f', '%R%', 'ebiros2']",1,median,33.10370445251465,38.01918029785156,0.6858553,76,/*+  SeqScan(pi) SeqScan(it) IndexScan(n name_pkey) IndexScan(an person_id_aka_name) IndexScan(ci person_id_cast_info) IndexScan(ml linked_movie_id_movie_link) IndexScan(t title_pkey) IndexScan(lt link_type_pkey) HashJoin(pi it) NestLoop(pi it n) NestLoop(pi it n an) NestLoop(pi it n an ci) NestLoop(pi it n an ci ml) NestLoop(pi it n an ci ml t) NestLoop(pi it n an ci ml t lt) Leading((((((((pi it) n) an) ci) ml) t) lt)) */
"['%u%', 'mini biography', 'referenced in', 'm', 'f', '%M%', 'JEFF MULVIN']",1,median,32.01603889465332,37.648916244506836,0.69755346,76,/*+  SeqScan(pi) SeqScan(it) IndexScan(n name_pkey) IndexScan(an person_id_aka_name) IndexScan(ci person_id_cast_info) IndexScan(ml linked_movie_id_movie_link) IndexScan(t title_pkey) IndexScan(lt link_type_pkey) HashJoin(pi it) NestLoop(pi it n) NestLoop(pi it n an) NestLoop(pi it n an ci) NestLoop(pi it n an ci ml) NestLoop(pi it n an ci ml t) NestLoop(pi it n an ci ml t lt) Leading((((((((pi it) n) an) ci) ml) t) lt)) */
"['%e%', 'mini biography', 'edited from', 'm', 'f', '%s%', 'Anonymous']",1,median,49.96013641357422,4.866361618041992,0.6864864,76,/*+  SeqScan(pi) SeqScan(it) IndexScan(n name_pkey) IndexScan(an person_id_aka_name) IndexScan(ci person_id_cast_info) IndexScan(ml linked_movie_id_movie_link) IndexScan(t title_pkey) IndexScan(lt link_type_pkey) HashJoin(pi it) NestLoop(pi it n) NestLoop(pi it n an) NestLoop(pi it n an ci) NestLoop(pi it n an ci ml) NestLoop(pi it n an ci ml t) NestLoop(pi it n an ci ml t lt) Leading((((((((pi it) n) an) ci) ml) t) lt)) */
"['%K%', 'mini biography', 'features', 'm', 'f', '%g%', 'Chris Knight']",1,median,29.9375057220459,22.48835563659668,0.6952788,76,/*+  SeqScan(pi) SeqScan(it) IndexScan(n name_pkey) IndexScan(an person_id_aka_name) IndexScan(ci person_id_cast_info) IndexScan(ml linked_movie_id_movie_link) IndexScan(t title_pkey) IndexScan(lt link_type_pkey) HashJoin(pi it) NestLoop(pi it n) NestLoop(pi it n an) NestLoop(pi it n an ci) NestLoop(pi it n an ci ml) NestLoop(pi it n an ci ml t) NestLoop(pi it n an ci ml t lt) Leading((((((((pi it) n) an) ci) ml) t) lt)) */
"['%e%', 'mini biography', 'references', 'f', 'm', '%Z%', 'Anonymous']",1,median,35.457611083984375,33.89286994934082,0.6858029,76,/*+  SeqScan(pi) SeqScan(it) IndexScan(n name_pkey) IndexScan(an person_id_aka_name) IndexScan(ci person_id_cast_info) IndexScan(ml linked_movie_id_movie_link) IndexScan(t title_pkey) IndexScan(lt link_type_pkey) HashJoin(pi it) NestLoop(pi it n) NestLoop(pi it n an) NestLoop(pi it n an ci) NestLoop(pi it n an ci ml) NestLoop(pi it n an ci ml t) NestLoop(pi it n an ci ml t lt) Leading((((((((pi it) n) an) ci) ml) t) lt)) */
"['%z%', 'mini biography', 'referenced in', 'm', 'f', '%-%', 'J.M.']",1,median,32.75108337402344,34.38830375671387,0.69708735,76,/*+  SeqScan(pi) SeqScan(it) IndexScan(n name_pkey) IndexScan(an person_id_aka_name) IndexScan(ci person_id_cast_info) IndexScan(ml linked_movie_id_movie_link) IndexScan(t title_pkey) IndexScan(lt link_type_pkey) HashJoin(pi it) NestLoop(pi it n) NestLoop(pi it n an) NestLoop(pi it n an ci) NestLoop(pi it n an ci ml) NestLoop(pi it n an ci ml t) NestLoop(pi it n an ci ml t lt) Leading((((((((pi it) n) an) ci) ml) t) lt)) */
"['%,%', 'mini biography', 'references', 'm', 'f', '%r%', 'JBPR']",1,median,32.99212455749512,61.90347671508789,0.685536,76,/*+  SeqScan(pi) SeqScan(it) IndexScan(n name_pkey) IndexScan(an person_id_aka_name) IndexScan(ci person_id_cast_info) IndexScan(ml linked_movie_id_movie_link) IndexScan(t title_pkey) IndexScan(lt link_type_pkey) HashJoin(pi it) NestLoop(pi it n) NestLoop(pi it n an) NestLoop(pi it n an ci) NestLoop(pi it n an ci ml) NestLoop(pi it n an ci ml t) NestLoop(pi it n an ci ml t lt) Leading((((((((pi it) n) an) ci) ml) t) lt)) */
"['%,%', 'mini biography', 'referenced in', 'm', 'f', '%h%', 'Sara Lindsey']",1,median,33.149003982543945,26.90291404724121,0.69884044,76,/*+  SeqScan(pi) SeqScan(it) IndexScan(n name_pkey) IndexScan(an person_id_aka_name) IndexScan(ci person_id_cast_info) IndexScan(ml linked_movie_id_movie_link) IndexScan(t title_pkey) IndexScan(lt link_type_pkey) HashJoin(pi it) NestLoop(pi it n) NestLoop(pi it n an) NestLoop(pi it n an ci) NestLoop(pi it n an ci ml) NestLoop(pi it n an ci ml t) NestLoop(pi it n an ci ml t lt) Leading((((((((pi it) n) an) ci) ml) t) lt)) */
"['%k%', 'mini biography', 'features', 'm', 'f', '%h%', 'John F. Barlow']",1,median,32.395124435424805,26.168107986450195,0.6971769,76,/*+  SeqScan(pi) SeqScan(it) IndexScan(n name_pkey) IndexScan(an person_id_aka_name) IndexScan(ci person_id_cast_info) IndexScan(ml linked_movie_id_movie_link) IndexScan(t title_pkey) IndexScan(lt link_type_pkey) HashJoin(pi it) NestLoop(pi it n) NestLoop(pi it n an) NestLoop(pi it n an ci) NestLoop(pi it n an ci ml) NestLoop(pi it n an ci ml t) NestLoop(pi it n an ci ml t lt) Leading((((((((pi it) n) an) ci) ml) t) lt)) */
"['%P%', 'mini biography', 'features', 'f', 'm', '%a%', 'Gary Brumburgh / gr-home@pacbell.net']",1,median,31.398534774780273,38.576364517211914,0.6951586,76,/*+  SeqScan(pi) SeqScan(it) IndexScan(n name_pkey) IndexScan(an person_id_aka_name) IndexScan(ci person_id_cast_info) IndexScan(ml linked_movie_id_movie_link) IndexScan(t title_pkey) IndexScan(lt link_type_pkey) HashJoin(pi it) NestLoop(pi it n) NestLoop(pi it n an) NestLoop(pi it n an ci) NestLoop(pi it n an ci ml) NestLoop(pi it n an ci ml t) NestLoop(pi it n an ci ml t lt) Leading((((((((pi it) n) an) ci) ml) t) lt)) */
"['%n%', 'mini biography', 'spoofs', 'm', 'f', '%l%', 'Trish Leydin']",1,median,35.98308563232422,13.915538787841797,0.6884473,76,/*+  SeqScan(pi) SeqScan(it) IndexScan(n name_pkey) IndexScan(an person_id_aka_name) IndexScan(ci person_id_cast_info) IndexScan(ml linked_movie_id_movie_link) IndexScan(t title_pkey) IndexScan(lt link_type_pkey) HashJoin(pi it) NestLoop(pi it n) NestLoop(pi it n an) NestLoop(pi it n an ci) NestLoop(pi it n an ci ml) NestLoop(pi it n an ci ml t) NestLoop(pi it n an ci ml t lt) Leading((((((((pi it) n) an) ci) ml) t) lt)) */
"['%,%', 'mini biography', 'references', 'f', 'm', '%e%', 'Gary Brumburgh / gr-home@pacbell.net']",1,median,41.318416595458984,65.33336639404297,0.6965416,76,/*+  SeqScan(pi) SeqScan(it) IndexScan(n name_pkey) IndexScan(an person_id_aka_name) IndexScan(ci person_id_cast_info) IndexScan(ml linked_movie_id_movie_link) IndexScan(t title_pkey) IndexScan(lt link_type_pkey) HashJoin(pi it) NestLoop(pi it n) NestLoop(pi it n an) NestLoop(pi it n an ci) NestLoop(pi it n an ci ml) NestLoop(pi it n an ci ml t) NestLoop(pi it n an ci ml t lt) Leading((((((((pi it) n) an) ci) ml) t) lt)) */
"['%,%', 'mini biography', 'features', 'm', 'f', '%,%', 'Kramer']",1,median,37.70756721496582,12.298345565795898,0.6846222,76,/*+  SeqScan(pi) SeqScan(it) IndexScan(n name_pkey) IndexScan(an person_id_aka_name) IndexScan(ci person_id_cast_info) IndexScan(ml linked_movie_id_movie_link) IndexScan(t title_pkey) IndexScan(lt link_type_pkey) HashJoin(pi it) NestLoop(pi it n) NestLoop(pi it n an) NestLoop(pi it n an ci) NestLoop(pi it n an ci ml) NestLoop(pi it n an ci ml t) NestLoop(pi it n an ci ml t lt) Leading((((((((pi it) n) an) ci) ml) t) lt)) */
"['%e%', 'mini biography', 'features', 'm', 'f', '%e%', 'Matt Dicker, and Katie Boyum']",1,median,38.0556583404541,11.549234390258789,0.6835842,76,/*+  SeqScan(pi) SeqScan(it) IndexScan(n name_pkey) IndexScan(an person_id_aka_name) IndexScan(ci person_id_cast_info) IndexScan(ml linked_movie_id_movie_link) IndexScan(t title_pkey) IndexScan(lt link_type_pkey) HashJoin(pi it) NestLoop(pi it n) NestLoop(pi it n an) NestLoop(pi it n an ci) NestLoop(pi it n an ci ml) NestLoop(pi it n an ci ml t) NestLoop(pi it n an ci ml t lt) Leading((((((((pi it) n) an) ci) ml) t) lt)) */
"['%n%', 'mini biography', 'edited from', 'f', 'm', '%a%', 'HanonymousT']",1,median,38.21706771850586,11.81936264038086,0.6776576,76,/*+  SeqScan(pi) SeqScan(it) IndexScan(n name_pkey) IndexScan(an person_id_aka_name) IndexScan(ci person_id_cast_info) IndexScan(ml linked_movie_id_movie_link) IndexScan(t title_pkey) IndexScan(lt link_type_pkey) HashJoin(pi it) NestLoop(pi it n) NestLoop(pi it n an) NestLoop(pi it n an ci) NestLoop(pi it n an ci ml) NestLoop(pi it n an ci ml t) NestLoop(pi it n an ci ml t lt) Leading((((((((pi it) n) an) ci) ml) t) lt)) */
"['%a%', 'mini biography', 'follows', 'm', 'f', '%P%', 'Calliope & Frankie_fan4711']",1,median,34.33370590209961,8.541584014892578,0.68468064,76,/*+  SeqScan(pi) SeqScan(it) IndexScan(n name_pkey) IndexScan(an person_id_aka_name) IndexScan(ci person_id_cast_info) IndexScan(ml linked_movie_id_movie_link) IndexScan(t title_pkey) IndexScan(lt link_type_pkey) HashJoin(pi it) NestLoop(pi it n) NestLoop(pi it n an) NestLoop(pi it n an ci) NestLoop(pi it n an ci ml) NestLoop(pi it n an ci ml t) NestLoop(pi it n an ci ml t lt) Leading((((((((pi it) n) an) ci) ml) t) lt)) */
"['%t%', 'mini biography', 'references', 'm', 'f', '%l%', 'A. Nonymous']",1,median,34.677982330322266,49.54385757446289,0.6932287,76,/*+  SeqScan(pi) SeqScan(it) IndexScan(n name_pkey) IndexScan(an person_id_aka_name) IndexScan(ci person_id_cast_info) IndexScan(ml linked_movie_id_movie_link) IndexScan(t title_pkey) IndexScan(lt link_type_pkey) HashJoin(pi it) NestLoop(pi it n) NestLoop(pi it n an) NestLoop(pi it n an ci) NestLoop(pi it n an ci ml) NestLoop(pi it n an ci ml t) NestLoop(pi it n an ci ml t lt) Leading((((((((pi it) n) an) ci) ml) t) lt)) */
"['%e%', 'mini biography', 'references', 'm', 'f', '%c%', 'Paul E.']",1,median,32.67216682434082,65.26017189025879,0.6921379,76,/*+  SeqScan(pi) SeqScan(it) IndexScan(n name_pkey) IndexScan(an person_id_aka_name) IndexScan(ci person_id_cast_info) IndexScan(ml linked_movie_id_movie_link) IndexScan(t title_pkey) IndexScan(lt link_type_pkey) HashJoin(pi it) NestLoop(pi it n) NestLoop(pi it n an) NestLoop(pi it n an ci) NestLoop(pi it n an ci ml) NestLoop(pi it n an ci ml t) NestLoop(pi it n an ci ml t lt) Leading((((((((pi it) n) an) ci) ml) t) lt)) */
"['%o%', 'mini biography', 'featured in', 'm', 'f', '%A%', 'Brandon Scott']",1,median,33.67877006530762,9.509801864624023,0.69301397,76,/*+  SeqScan(pi) SeqScan(it) IndexScan(n name_pkey) IndexScan(an person_id_aka_name) IndexScan(ci person_id_cast_info) IndexScan(ml linked_movie_id_movie_link) IndexScan(t title_pkey) IndexScan(lt link_type_pkey) HashJoin(pi it) NestLoop(pi it n) NestLoop(pi it n an) NestLoop(pi it n an ci) NestLoop(pi it n an ci ml) NestLoop(pi it n an ci ml t) NestLoop(pi it n an ci ml t lt) Leading((((((((pi it) n) an) ci) ml) t) lt)) */
"['%n%', 'mini biography', 'version of', 'm', 'f', '%e%', 'MarxBrosFan']",1,median,33.00213813781738,68.34530830383301,0.68708825,76,/*+  SeqScan(pi) SeqScan(it) IndexScan(n name_pkey) IndexScan(an person_id_aka_name) IndexScan(ci person_id_cast_info) IndexScan(ml linked_movie_id_movie_link) IndexScan(t title_pkey) IndexScan(lt link_type_pkey) HashJoin(pi it) NestLoop(pi it n) NestLoop(pi it n an) NestLoop(pi it n an ci) NestLoop(pi it n an ci ml) NestLoop(pi it n an ci ml t) NestLoop(pi it n an ci ml t lt) Leading((((((((pi it) n) an) ci) ml) t) lt)) */
"['%n%', 'mini biography', 'referenced in', 'f', 'm', '%h%', 'Scottsdale']",1,median,32.22322463989258,47.057151794433594,0.69419336,76,/*+  SeqScan(pi) SeqScan(it) IndexScan(n name_pkey) IndexScan(an person_id_aka_name) IndexScan(ci person_id_cast_info) IndexScan(ml linked_movie_id_movie_link) IndexScan(t title_pkey) IndexScan(lt link_type_pkey) HashJoin(pi it) NestLoop(pi it n) NestLoop(pi it n an) NestLoop(pi it n an ci) NestLoop(pi it n an ci ml) NestLoop(pi it n an ci ml t) NestLoop(pi it n an ci ml t lt) Leading((((((((pi it) n) an) ci) ml) t) lt)) */
"['%A%', 'mini biography', 'references', 'm', 'f', '%B%', 'gavin (gunmasterM@hotmail.com)']",1,median,32.80186653137207,41.314125061035156,0.69348574,76,/*+  SeqScan(pi) SeqScan(it) IndexScan(n name_pkey) IndexScan(an person_id_aka_name) IndexScan(ci person_id_cast_info) IndexScan(ml linked_movie_id_movie_link) IndexScan(t title_pkey) IndexScan(lt link_type_pkey) HashJoin(pi it) NestLoop(pi it n) NestLoop(pi it n an) NestLoop(pi it n an ci) NestLoop(pi it n an ci ml) NestLoop(pi it n an ci ml t) NestLoop(pi it n an ci ml t lt) Leading((((((((pi it) n) an) ci) ml) t) lt)) */
"['%s%', 'mini biography', 'references', 'f', 'm', '%h%', 'Vanessa Ament']",1,median,34.055233001708984,51.17464065551758,0.69598037,76,/*+  SeqScan(pi) SeqScan(it) IndexScan(n name_pkey) IndexScan(an person_id_aka_name) IndexScan(ci person_id_cast_info) IndexScan(ml linked_movie_id_movie_link) IndexScan(t title_pkey) IndexScan(lt link_type_pkey) HashJoin(pi it) NestLoop(pi it n) NestLoop(pi it n an) NestLoop(pi it n an ci) NestLoop(pi it n an ci ml) NestLoop(pi it n an ci ml t) NestLoop(pi it n an ci ml t lt) Leading((((((((pi it) n) an) ci) ml) t) lt)) */
"['%,%', 'mini biography', 'edited from', 'm', 'f', '%b%', 'Jon C. Hopwood']",1,median,47.3177433013916,10.867118835449219,0.69216007,76,/*+  SeqScan(pi) SeqScan(it) IndexScan(n name_pkey) IndexScan(an person_id_aka_name) IndexScan(ci person_id_cast_info) IndexScan(ml linked_movie_id_movie_link) IndexScan(t title_pkey) IndexScan(lt link_type_pkey) HashJoin(pi it) NestLoop(pi it n) NestLoop(pi it n an) NestLoop(pi it n an ci) NestLoop(pi it n an ci ml) NestLoop(pi it n an ci ml t) NestLoop(pi it n an ci ml t lt) Leading((((((((pi it) n) an) ci) ml) t) lt)) */
