params,frequency,run,hinted_latency,default_latency,confidence,plan_id,plan_content
"['%o%', 'mini biography', 'followed by', 'f', 'm', '%Ana%', 'woodyanders']",1,median,28.056859970092773,32.631874084472656,0.54689217,50,/*+  SeqScan(pi) IndexScan(n name_pkey) IndexScan(an person_id_aka_name) IndexScan(ci person_id_cast_info) IndexScan(ml linked_movie_id_movie_link) SeqScan(lt) IndexScan(it info_type_pkey) IndexScan(t title_pkey) NestLoop(pi n) NestLoop(pi n an) NestLoop(pi n an ci) NestLoop(pi n an ci ml) HashJoin(pi n an ci ml lt) NestLoop(pi n an ci ml lt it) NestLoop(pi n an ci ml lt it t) Leading((((((((pi n) an) ci) ml) lt) it) t)) */
"['%l%', 'mini biography', 'featured in', 'm', 'f', '%Bob%', 'I.S.Mowis']",1,median,29.008150100708008,29.98948097229004,0.54047894,50,/*+  SeqScan(pi) IndexScan(n name_pkey) IndexScan(an person_id_aka_name) IndexScan(ci person_id_cast_info) IndexScan(ml linked_movie_id_movie_link) SeqScan(lt) IndexScan(it info_type_pkey) IndexScan(t title_pkey) NestLoop(pi n) NestLoop(pi n an) NestLoop(pi n an ci) NestLoop(pi n an ci ml) HashJoin(pi n an ci ml lt) NestLoop(pi n an ci ml lt it) NestLoop(pi n an ci ml lt it t) Leading((((((((pi n) an) ci) ml) lt) it) t)) */
"['%k%', 'mini biography', 'featured in', 'm', 'f', '%Weinstein%', 'Gary Brumburgh / gr-home@pacbell.net']",1,median,31.01181983947754,33.678531646728516,0.5435845,50,/*+  SeqScan(pi) IndexScan(n name_pkey) IndexScan(an person_id_aka_name) IndexScan(ci person_id_cast_info) IndexScan(ml linked_movie_id_movie_link) SeqScan(lt) IndexScan(it info_type_pkey) IndexScan(t title_pkey) NestLoop(pi n) NestLoop(pi n an) NestLoop(pi n an ci) NestLoop(pi n an ci ml) HashJoin(pi n an ci ml lt) NestLoop(pi n an ci ml lt it) NestLoop(pi n an ci ml lt it t) Leading((((((((pi n) an) ci) ml) lt) it) t)) */
"['%h%', 'mini biography', 'followed by', 'm', 'f', '%Griffin%', 'Gary Brumburgh / gr-home@pacbell.net']",1,median,30.011415481567383,30.396699905395508,0.53900784,50,/*+  SeqScan(pi) IndexScan(n name_pkey) IndexScan(an person_id_aka_name) IndexScan(ci person_id_cast_info) IndexScan(ml linked_movie_id_movie_link) SeqScan(lt) IndexScan(it info_type_pkey) IndexScan(t title_pkey) NestLoop(pi n) NestLoop(pi n an) NestLoop(pi n an ci) NestLoop(pi n an ci ml) HashJoin(pi n an ci ml lt) NestLoop(pi n an ci ml lt it) NestLoop(pi n an ci ml lt it t) Leading((((((((pi n) an) ci) ml) lt) it) t)) */
"['%Giorgi%', 'mini biography', 'features', 'm', 'f', '%Boyd%', 'Anonymous']",1,median,33.94126892089844,25.417089462280273,0.5332041,50,/*+  SeqScan(pi) IndexScan(n name_pkey) IndexScan(an person_id_aka_name) IndexScan(ci person_id_cast_info) IndexScan(ml linked_movie_id_movie_link) SeqScan(lt) IndexScan(it info_type_pkey) IndexScan(t title_pkey) NestLoop(pi n) NestLoop(pi n an) NestLoop(pi n an ci) NestLoop(pi n an ci ml) HashJoin(pi n an ci ml lt) NestLoop(pi n an ci ml lt it) NestLoop(pi n an ci ml lt it t) Leading((((((((pi n) an) ci) ml) lt) it) t)) */
"['%o%', 'mini biography', 'references', 'f', 'm', '%Perry%', 'Anonymous']",1,median,32.63664245605469,33.35261344909668,0.54399097,50,/*+  SeqScan(pi) IndexScan(n name_pkey) IndexScan(an person_id_aka_name) IndexScan(ci person_id_cast_info) IndexScan(ml linked_movie_id_movie_link) SeqScan(lt) IndexScan(it info_type_pkey) IndexScan(t title_pkey) NestLoop(pi n) NestLoop(pi n an) NestLoop(pi n an ci) NestLoop(pi n an ci ml) HashJoin(pi n an ci ml lt) NestLoop(pi n an ci ml lt it) NestLoop(pi n an ci ml lt it t) Leading((((((((pi n) an) ci) ml) lt) it) t)) */
"['%m%', 'mini biography', 'featured in', 'f', 'm', '%Dennis%', 'Anonymous']",1,median,31.468868255615234,33.1878662109375,0.53657633,50,/*+  SeqScan(pi) IndexScan(n name_pkey) IndexScan(an person_id_aka_name) IndexScan(ci person_id_cast_info) IndexScan(ml linked_movie_id_movie_link) SeqScan(lt) IndexScan(it info_type_pkey) IndexScan(t title_pkey) NestLoop(pi n) NestLoop(pi n an) NestLoop(pi n an ci) NestLoop(pi n an ci ml) HashJoin(pi n an ci ml lt) NestLoop(pi n an ci ml lt it) NestLoop(pi n an ci ml lt it t) Leading((((((((pi n) an) ci) ml) lt) it) t)) */
"['%The%', 'mini biography', 'spoofs', 'm', 'f', '%Alexander%', 'Gary Brumburgh / gr-home@pacbell.net']",1,median,29.011249542236328,25.719881057739258,0.54242295,50,/*+  SeqScan(pi) IndexScan(n name_pkey) IndexScan(an person_id_aka_name) IndexScan(ci person_id_cast_info) IndexScan(ml linked_movie_id_movie_link) SeqScan(lt) IndexScan(it info_type_pkey) IndexScan(t title_pkey) NestLoop(pi n) NestLoop(pi n an) NestLoop(pi n an ci) NestLoop(pi n an ci ml) HashJoin(pi n an ci ml lt) NestLoop(pi n an ci ml lt it) NestLoop(pi n an ci ml lt it t) Leading((((((((pi n) an) ci) ml) lt) it) t)) */
"['%O%', 'mini biography', 'remade as', 'm', 'f', '%David%', 'Anonymous']",1,median,33.905029296875,25.748491287231445,0.519754,50,/*+  SeqScan(pi) IndexScan(n name_pkey) IndexScan(an person_id_aka_name) IndexScan(ci person_id_cast_info) IndexScan(ml linked_movie_id_movie_link) SeqScan(lt) IndexScan(it info_type_pkey) IndexScan(t title_pkey) NestLoop(pi n) NestLoop(pi n an) NestLoop(pi n an ci) NestLoop(pi n an ci ml) HashJoin(pi n an ci ml lt) NestLoop(pi n an ci ml lt it) NestLoop(pi n an ci ml lt it t) Leading((((((((pi n) an) ci) ml) lt) it) t)) */
"['%George%', 'mini biography', 'referenced in', 'm', 'f', '%Kornbluth%', 'Anonymous']",1,median,35.45331954956055,26.3211727142334,0.5258424,50,/*+  SeqScan(pi) IndexScan(n name_pkey) IndexScan(an person_id_aka_name) IndexScan(ci person_id_cast_info) IndexScan(ml linked_movie_id_movie_link) SeqScan(lt) IndexScan(it info_type_pkey) IndexScan(t title_pkey) NestLoop(pi n) NestLoop(pi n an) NestLoop(pi n an ci) NestLoop(pi n an ci ml) HashJoin(pi n an ci ml lt) NestLoop(pi n an ci ml lt it) NestLoop(pi n an ci ml lt it t) Leading((((((((pi n) an) ci) ml) lt) it) t)) */
"['%Christopher%', 'mini biography', 'references', 'm', 'f', '%DarÃ\xado%', 'anonymous']",1,median,30.61056137084961,68.14408302307129,0.5347894,50,/*+  SeqScan(pi) IndexScan(n name_pkey) IndexScan(an person_id_aka_name) IndexScan(ci person_id_cast_info) IndexScan(ml linked_movie_id_movie_link) SeqScan(lt) IndexScan(it info_type_pkey) IndexScan(t title_pkey) NestLoop(pi n) NestLoop(pi n an) NestLoop(pi n an ci) NestLoop(pi n an ci ml) HashJoin(pi n an ci ml lt) NestLoop(pi n an ci ml lt it) NestLoop(pi n an ci ml lt it t) Leading((((((((pi n) an) ci) ml) lt) it) t)) */
"['%o%', 'mini biography', 'featured in', 'f', 'm', '%Drury%', 'Gary Brumburgh / gr-home@pacbell.net']",1,median,27.323484420776367,31.597375869750977,0.5570737,50,/*+  SeqScan(pi) IndexScan(n name_pkey) IndexScan(an person_id_aka_name) IndexScan(ci person_id_cast_info) IndexScan(ml linked_movie_id_movie_link) SeqScan(lt) IndexScan(it info_type_pkey) IndexScan(t title_pkey) NestLoop(pi n) NestLoop(pi n an) NestLoop(pi n an ci) NestLoop(pi n an ci ml) HashJoin(pi n an ci ml lt) NestLoop(pi n an ci ml lt it) NestLoop(pi n an ci ml lt it t) Leading((((((((pi n) an) ci) ml) lt) it) t)) */
"['%K%', 'mini biography', 'features', 'm', 'f', '%David%', 'I.S.Mowis']",1,median,28.842687606811523,58.30836296081543,0.53453726,50,/*+  SeqScan(pi) IndexScan(n name_pkey) IndexScan(an person_id_aka_name) IndexScan(ci person_id_cast_info) IndexScan(ml linked_movie_id_movie_link) SeqScan(lt) IndexScan(it info_type_pkey) IndexScan(t title_pkey) NestLoop(pi n) NestLoop(pi n an) NestLoop(pi n an ci) NestLoop(pi n an ci ml) HashJoin(pi n an ci ml lt) NestLoop(pi n an ci ml lt it) NestLoop(pi n an ci ml lt it t) Leading((((((((pi n) an) ci) ml) lt) it) t)) */
"['%J%', 'mini biography', 'featured in', 'f', 'm', '%Pedro%', 'Anonymous']",1,median,31.97169303894043,33.327579498291016,0.53714114,50,/*+  SeqScan(pi) IndexScan(n name_pkey) IndexScan(an person_id_aka_name) IndexScan(ci person_id_cast_info) IndexScan(ml linked_movie_id_movie_link) SeqScan(lt) IndexScan(it info_type_pkey) IndexScan(t title_pkey) NestLoop(pi n) NestLoop(pi n an) NestLoop(pi n an ci) NestLoop(pi n an ci ml) HashJoin(pi n an ci ml lt) NestLoop(pi n an ci ml lt it) NestLoop(pi n an ci ml lt it t) Leading((((((((pi n) an) ci) ml) lt) it) t)) */
"['%s%', 'mini biography', 'version of', 'm', 'f', '%David%', 'Anonymous']",1,median,39.383649826049805,37.9486083984375,0.5232663,50,/*+  SeqScan(pi) IndexScan(n name_pkey) IndexScan(an person_id_aka_name) IndexScan(ci person_id_cast_info) IndexScan(ml linked_movie_id_movie_link) SeqScan(lt) IndexScan(it info_type_pkey) IndexScan(t title_pkey) NestLoop(pi n) NestLoop(pi n an) NestLoop(pi n an ci) NestLoop(pi n an ci ml) HashJoin(pi n an ci ml lt) NestLoop(pi n an ci ml lt it) NestLoop(pi n an ci ml lt it t) Leading((((((((pi n) an) ci) ml) lt) it) t)) */
"['%Robert%', 'mini biography', 'features', 'f', 'm', '%Taylor%', 'woodyanders']",1,median,27.36067771911621,27.698516845703125,0.5284488,50,/*+  SeqScan(pi) IndexScan(n name_pkey) IndexScan(an person_id_aka_name) IndexScan(ci person_id_cast_info) IndexScan(ml linked_movie_id_movie_link) SeqScan(lt) IndexScan(it info_type_pkey) IndexScan(t title_pkey) NestLoop(pi n) NestLoop(pi n an) NestLoop(pi n an ci) NestLoop(pi n an ci ml) HashJoin(pi n an ci ml lt) NestLoop(pi n an ci ml lt it) NestLoop(pi n an ci ml lt it t) Leading((((((((pi n) an) ci) ml) lt) it) t)) */
"['%h%', 'mini biography', 'references', 'f', 'm', '%Stewart%', 'woodyanders']",1,median,29.188871383666992,35.620927810668945,0.52582985,50,/*+  SeqScan(pi) IndexScan(n name_pkey) IndexScan(an person_id_aka_name) IndexScan(ci person_id_cast_info) IndexScan(ml linked_movie_id_movie_link) SeqScan(lt) IndexScan(it info_type_pkey) IndexScan(t title_pkey) NestLoop(pi n) NestLoop(pi n an) NestLoop(pi n an ci) NestLoop(pi n an ci ml) HashJoin(pi n an ci ml lt) NestLoop(pi n an ci ml lt it) NestLoop(pi n an ci ml lt it t) Leading((((((((pi n) an) ci) ml) lt) it) t)) */
"['%y%', 'mini biography', 'references', 'f', 'm', '%Scott%', 'Anonymous']",1,median,33.8139533996582,37.86110877990723,0.5355726,50,/*+  SeqScan(pi) IndexScan(n name_pkey) IndexScan(an person_id_aka_name) IndexScan(ci person_id_cast_info) IndexScan(ml linked_movie_id_movie_link) SeqScan(lt) IndexScan(it info_type_pkey) IndexScan(t title_pkey) NestLoop(pi n) NestLoop(pi n an) NestLoop(pi n an ci) NestLoop(pi n an ci ml) HashJoin(pi n an ci ml lt) NestLoop(pi n an ci ml lt it) NestLoop(pi n an ci ml lt it t) Leading((((((((pi n) an) ci) ml) lt) it) t)) */
"['%l%', 'mini biography', 'edited from', 'm', 'f', '%Bell%', 'Anonymous']",1,median,40.067195892333984,40.50564765930176,0.51051635,50,/*+  SeqScan(pi) IndexScan(n name_pkey) IndexScan(an person_id_aka_name) IndexScan(ci person_id_cast_info) IndexScan(ml linked_movie_id_movie_link) SeqScan(lt) IndexScan(it info_type_pkey) IndexScan(t title_pkey) NestLoop(pi n) NestLoop(pi n an) NestLoop(pi n an ci) NestLoop(pi n an ci ml) HashJoin(pi n an ci ml lt) NestLoop(pi n an ci ml lt it) NestLoop(pi n an ci ml lt it t) Leading((((((((pi n) an) ci) ml) lt) it) t)) */
"['%B%', 'mini biography', 'features', 'f', 'm', '%Ngo%', 'Anonymous']",1,median,30.564308166503906,30.386686325073242,0.5494503,50,/*+  SeqScan(pi) IndexScan(n name_pkey) IndexScan(an person_id_aka_name) IndexScan(ci person_id_cast_info) IndexScan(ml linked_movie_id_movie_link) SeqScan(lt) IndexScan(it info_type_pkey) IndexScan(t title_pkey) NestLoop(pi n) NestLoop(pi n an) NestLoop(pi n an ci) NestLoop(pi n an ci ml) HashJoin(pi n an ci ml lt) NestLoop(pi n an ci ml lt it) NestLoop(pi n an ci ml lt it t) Leading((((((((pi n) an) ci) ml) lt) it) t)) */
"['%Pacino%', 'mini biography', 'featured in', 'm', 'f', '%Trey%', 'Anonymous']",1,median,33.704280853271484,23.84185791015625,0.5303114,50,/*+  SeqScan(pi) IndexScan(n name_pkey) IndexScan(an person_id_aka_name) IndexScan(ci person_id_cast_info) IndexScan(ml linked_movie_id_movie_link) SeqScan(lt) IndexScan(it info_type_pkey) IndexScan(t title_pkey) NestLoop(pi n) NestLoop(pi n an) NestLoop(pi n an ci) NestLoop(pi n an ci ml) HashJoin(pi n an ci ml lt) NestLoop(pi n an ci ml lt it) NestLoop(pi n an ci ml lt it t) Leading((((((((pi n) an) ci) ml) lt) it) t)) */
"['%N%', 'mini biography', 'features', 'f', 'm', '%Spelling%', 'Anonymous']",1,median,34.1644287109375,36.03363037109375,0.5556607,50,/*+  SeqScan(pi) IndexScan(n name_pkey) IndexScan(an person_id_aka_name) IndexScan(ci person_id_cast_info) IndexScan(ml linked_movie_id_movie_link) SeqScan(lt) IndexScan(it info_type_pkey) IndexScan(t title_pkey) NestLoop(pi n) NestLoop(pi n an) NestLoop(pi n an ci) NestLoop(pi n an ci ml) HashJoin(pi n an ci ml lt) NestLoop(pi n an ci ml lt it) NestLoop(pi n an ci ml lt it t) Leading((((((((pi n) an) ci) ml) lt) it) t)) */
"['%Mo%', 'mini biography', 'version of', 'm', 'f', '%Davis%', 'anonymous']",1,median,30.486583709716797,31.33535385131836,0.52304727,50,/*+  SeqScan(pi) IndexScan(n name_pkey) IndexScan(an person_id_aka_name) IndexScan(ci person_id_cast_info) IndexScan(ml linked_movie_id_movie_link) SeqScan(lt) IndexScan(it info_type_pkey) IndexScan(t title_pkey) NestLoop(pi n) NestLoop(pi n an) NestLoop(pi n an ci) NestLoop(pi n an ci ml) HashJoin(pi n an ci ml lt) NestLoop(pi n an ci ml lt it) NestLoop(pi n an ci ml lt it t) Leading((((((((pi n) an) ci) ml) lt) it) t)) */
"['%m%', 'mini biography', 'version of', 'm', 'f', '%Burns%', 'Anonymous']",1,median,34.483909606933594,27.893543243408203,0.53305113,50,/*+  SeqScan(pi) IndexScan(n name_pkey) IndexScan(an person_id_aka_name) IndexScan(ci person_id_cast_info) IndexScan(ml linked_movie_id_movie_link) SeqScan(lt) IndexScan(it info_type_pkey) IndexScan(t title_pkey) NestLoop(pi n) NestLoop(pi n an) NestLoop(pi n an ci) NestLoop(pi n an ci ml) HashJoin(pi n an ci ml lt) NestLoop(pi n an ci ml lt it) NestLoop(pi n an ci ml lt it t) Leading((((((((pi n) an) ci) ml) lt) it) t)) */
"['%l%', 'mini biography', 'version of', 'f', 'm', '%Chris%', 'Anonymous']",1,median,31.88776969909668,33.45656394958496,0.5439123,50,/*+  SeqScan(pi) IndexScan(n name_pkey) IndexScan(an person_id_aka_name) IndexScan(ci person_id_cast_info) IndexScan(ml linked_movie_id_movie_link) SeqScan(lt) IndexScan(it info_type_pkey) IndexScan(t title_pkey) NestLoop(pi n) NestLoop(pi n an) NestLoop(pi n an ci) NestLoop(pi n an ci ml) HashJoin(pi n an ci ml lt) NestLoop(pi n an ci ml lt it) NestLoop(pi n an ci ml lt it t) Leading((((((((pi n) an) ci) ml) lt) it) t)) */
"['%o%', 'mini biography', 'referenced in', 'm', 'f', '%Moore%', 'Anonymous']",1,median,44.277191162109375,41.44024848937988,0.5390378,50,/*+  SeqScan(pi) IndexScan(n name_pkey) IndexScan(an person_id_aka_name) IndexScan(ci person_id_cast_info) IndexScan(ml linked_movie_id_movie_link) SeqScan(lt) IndexScan(it info_type_pkey) IndexScan(t title_pkey) NestLoop(pi n) NestLoop(pi n an) NestLoop(pi n an ci) NestLoop(pi n an ci ml) HashJoin(pi n an ci ml lt) NestLoop(pi n an ci ml lt it) NestLoop(pi n an ci ml lt it t) Leading((((((((pi n) an) ci) ml) lt) it) t)) */
"['%A%', 'mini biography', 'references', 'f', 'm', '%Jose%', 'frankfob2@yahoo.com']",1,median,33.803462982177734,73.80151748657227,0.5414998,50,/*+  SeqScan(pi) IndexScan(n name_pkey) IndexScan(an person_id_aka_name) IndexScan(ci person_id_cast_info) IndexScan(ml linked_movie_id_movie_link) SeqScan(lt) IndexScan(it info_type_pkey) IndexScan(t title_pkey) NestLoop(pi n) NestLoop(pi n an) NestLoop(pi n an ci) NestLoop(pi n an ci ml) HashJoin(pi n an ci ml lt) NestLoop(pi n an ci ml lt it) NestLoop(pi n an ci ml lt it t) Leading((((((((pi n) an) ci) ml) lt) it) t)) */
"['%l%', 'mini biography', 'featured in', 'f', 'm', '%Manuel%', 'Anonymous']",1,median,39.14141654968262,41.17703437805176,0.54074913,50,/*+  SeqScan(pi) IndexScan(n name_pkey) IndexScan(an person_id_aka_name) IndexScan(ci person_id_cast_info) IndexScan(ml linked_movie_id_movie_link) SeqScan(lt) IndexScan(it info_type_pkey) IndexScan(t title_pkey) NestLoop(pi n) NestLoop(pi n an) NestLoop(pi n an ci) NestLoop(pi n an ci ml) HashJoin(pi n an ci ml lt) NestLoop(pi n an ci ml lt it) NestLoop(pi n an ci ml lt it t) Leading((((((((pi n) an) ci) ml) lt) it) t)) */
"['%a%', 'mini biography', 'references', 'f', 'm', '%Christy%', 'frankfob2@yahoo.com']",1,median,33.74433517456055,46.45204544067383,0.5372968,50,/*+  SeqScan(pi) IndexScan(n name_pkey) IndexScan(an person_id_aka_name) IndexScan(ci person_id_cast_info) IndexScan(ml linked_movie_id_movie_link) SeqScan(lt) IndexScan(it info_type_pkey) IndexScan(t title_pkey) NestLoop(pi n) NestLoop(pi n an) NestLoop(pi n an ci) NestLoop(pi n an ci ml) HashJoin(pi n an ci ml lt) NestLoop(pi n an ci ml lt it) NestLoop(pi n an ci ml lt it t) Leading((((((((pi n) an) ci) ml) lt) it) t)) */
"['%w%', 'mini biography', 'referenced in', 'f', 'm', '%Stewart%', 'Anonymous']",1,median,35.35819053649902,37.00065612792969,0.5364898,50,/*+  SeqScan(pi) IndexScan(n name_pkey) IndexScan(an person_id_aka_name) IndexScan(ci person_id_cast_info) IndexScan(ml linked_movie_id_movie_link) SeqScan(lt) IndexScan(it info_type_pkey) IndexScan(t title_pkey) NestLoop(pi n) NestLoop(pi n an) NestLoop(pi n an ci) NestLoop(pi n an ci ml) HashJoin(pi n an ci ml lt) NestLoop(pi n an ci ml lt it) NestLoop(pi n an ci ml lt it t) Leading((((((((pi n) an) ci) ml) lt) it) t)) */
"['%s%', 'mini biography', 'features', 'm', 'f', '%Stewart%', 'Anonymous']",1,median,44.97051239013672,53.66015434265137,0.54484415,50,/*+  SeqScan(pi) IndexScan(n name_pkey) IndexScan(an person_id_aka_name) IndexScan(ci person_id_cast_info) IndexScan(ml linked_movie_id_movie_link) SeqScan(lt) IndexScan(it info_type_pkey) IndexScan(t title_pkey) NestLoop(pi n) NestLoop(pi n an) NestLoop(pi n an ci) NestLoop(pi n an ci ml) HashJoin(pi n an ci ml lt) NestLoop(pi n an ci ml lt it) NestLoop(pi n an ci ml lt it t) Leading((((((((pi n) an) ci) ml) lt) it) t)) */
"['%r%', 'mini biography', 'remake of', 'f', 'm', '%Carman%', 'Anonymous']",1,median,37.63413429260254,35.53438186645508,0.51811415,50,/*+  SeqScan(pi) IndexScan(n name_pkey) IndexScan(an person_id_aka_name) IndexScan(ci person_id_cast_info) IndexScan(ml linked_movie_id_movie_link) SeqScan(lt) IndexScan(it info_type_pkey) IndexScan(t title_pkey) NestLoop(pi n) NestLoop(pi n an) NestLoop(pi n an ci) NestLoop(pi n an ci ml) HashJoin(pi n an ci ml lt) NestLoop(pi n an ci ml lt it) NestLoop(pi n an ci ml lt it t) Leading((((((((pi n) an) ci) ml) lt) it) t)) */
"['%m%', 'mini biography', 'referenced in', 'f', 'm', '%Boyd%', 'Anonymous']",1,median,38.903236389160156,40.25888442993164,0.53100467,50,/*+  SeqScan(pi) IndexScan(n name_pkey) IndexScan(an person_id_aka_name) IndexScan(ci person_id_cast_info) IndexScan(ml linked_movie_id_movie_link) SeqScan(lt) IndexScan(it info_type_pkey) IndexScan(t title_pkey) NestLoop(pi n) NestLoop(pi n an) NestLoop(pi n an ci) NestLoop(pi n an ci ml) HashJoin(pi n an ci ml lt) NestLoop(pi n an ci ml lt it) NestLoop(pi n an ci ml lt it t) Leading((((((((pi n) an) ci) ml) lt) it) t)) */
"['%The%', 'mini biography', 'referenced in', 'f', 'm', '%David%', 'Anonymous']",1,median,34.906625747680664,35.84408760070801,0.5348373,50,/*+  SeqScan(pi) IndexScan(n name_pkey) IndexScan(an person_id_aka_name) IndexScan(ci person_id_cast_info) IndexScan(ml linked_movie_id_movie_link) SeqScan(lt) IndexScan(it info_type_pkey) IndexScan(t title_pkey) NestLoop(pi n) NestLoop(pi n an) NestLoop(pi n an ci) NestLoop(pi n an ci ml) HashJoin(pi n an ci ml lt) NestLoop(pi n an ci ml lt it) NestLoop(pi n an ci ml lt it t) Leading((((((((pi n) an) ci) ml) lt) it) t)) */
"['%Jay%', 'mini biography', 'featured in', 'm', 'f', '%Arden%', 'Gary Brumburgh / gr-home@pacbell.net']",1,median,33.14375877380371,30.924320220947266,0.5353568,50,/*+  SeqScan(pi) IndexScan(n name_pkey) IndexScan(an person_id_aka_name) IndexScan(ci person_id_cast_info) IndexScan(ml linked_movie_id_movie_link) SeqScan(lt) IndexScan(it info_type_pkey) IndexScan(t title_pkey) NestLoop(pi n) NestLoop(pi n an) NestLoop(pi n an ci) NestLoop(pi n an ci ml) HashJoin(pi n an ci ml lt) NestLoop(pi n an ci ml lt it) NestLoop(pi n an ci ml lt it t) Leading((((((((pi n) an) ci) ml) lt) it) t)) */
"['%Robert%', 'mini biography', 'featured in', 'm', 'f', '%Frank%', 'frankfob2@yahoo.com']",1,median,31.02254867553711,37.54615783691406,0.53807515,50,/*+  SeqScan(pi) IndexScan(n name_pkey) IndexScan(an person_id_aka_name) IndexScan(ci person_id_cast_info) IndexScan(ml linked_movie_id_movie_link) SeqScan(lt) IndexScan(it info_type_pkey) IndexScan(t title_pkey) NestLoop(pi n) NestLoop(pi n an) NestLoop(pi n an ci) NestLoop(pi n an ci ml) HashJoin(pi n an ci ml lt) NestLoop(pi n an ci ml lt it) NestLoop(pi n an ci ml lt it t) Leading((((((((pi n) an) ci) ml) lt) it) t)) */
"['%James%', 'mini biography', 'features', 'm', 'f', '%Ruprecht%', 'Anonymous']",1,median,43.03741455078125,61.87105178833008,0.5332041,50,/*+  SeqScan(pi) IndexScan(n name_pkey) IndexScan(an person_id_aka_name) IndexScan(ci person_id_cast_info) IndexScan(ml linked_movie_id_movie_link) SeqScan(lt) IndexScan(it info_type_pkey) IndexScan(t title_pkey) NestLoop(pi n) NestLoop(pi n an) NestLoop(pi n an ci) NestLoop(pi n an ci ml) HashJoin(pi n an ci ml lt) NestLoop(pi n an ci ml lt it) NestLoop(pi n an ci ml lt it t) Leading((((((((pi n) an) ci) ml) lt) it) t)) */
"['%Taylor%', 'mini biography', 'features', 'm', 'f', '%Brust%', 'Anonymous']",1,median,41.794776916503906,30.69019317626953,0.5332041,50,/*+  SeqScan(pi) IndexScan(n name_pkey) IndexScan(an person_id_aka_name) IndexScan(ci person_id_cast_info) IndexScan(ml linked_movie_id_movie_link) SeqScan(lt) IndexScan(it info_type_pkey) IndexScan(t title_pkey) NestLoop(pi n) NestLoop(pi n an) NestLoop(pi n an ci) NestLoop(pi n an ci ml) HashJoin(pi n an ci ml lt) NestLoop(pi n an ci ml lt it) NestLoop(pi n an ci ml lt it t) Leading((((((((pi n) an) ci) ml) lt) it) t)) */
"['%Andrew%', 'mini biography', 'referenced in', 'f', 'm', '%Bradley%', 'Anonymous']",1,median,38.91396522521973,40.085792541503906,0.52239513,50,/*+  SeqScan(pi) IndexScan(n name_pkey) IndexScan(an person_id_aka_name) IndexScan(ci person_id_cast_info) IndexScan(ml linked_movie_id_movie_link) SeqScan(lt) IndexScan(it info_type_pkey) IndexScan(t title_pkey) NestLoop(pi n) NestLoop(pi n an) NestLoop(pi n an ci) NestLoop(pi n an ci ml) HashJoin(pi n an ci ml lt) NestLoop(pi n an ci ml lt it) NestLoop(pi n an ci ml lt it t) Leading((((((((pi n) an) ci) ml) lt) it) t)) */
"['%x%', 'mini biography', 'version of', 'f', 'm', '%Jones%', 'Anonymous']",1,median,36.032915115356445,44.175148010253906,0.52510965,50,/*+  SeqScan(pi) IndexScan(n name_pkey) IndexScan(an person_id_aka_name) IndexScan(ci person_id_cast_info) IndexScan(ml linked_movie_id_movie_link) SeqScan(lt) IndexScan(it info_type_pkey) IndexScan(t title_pkey) NestLoop(pi n) NestLoop(pi n an) NestLoop(pi n an ci) NestLoop(pi n an ci ml) HashJoin(pi n an ci ml lt) NestLoop(pi n an ci ml lt it) NestLoop(pi n an ci ml lt it t) Leading((((((((pi n) an) ci) ml) lt) it) t)) */
"['%D%', 'mini biography', 'features', 'f', 'm', '%Roberts%', 'anonymous']",1,median,33.19549560546875,37.01615333557129,0.53893816,50,/*+  SeqScan(pi) IndexScan(n name_pkey) IndexScan(an person_id_aka_name) IndexScan(ci person_id_cast_info) IndexScan(ml linked_movie_id_movie_link) SeqScan(lt) IndexScan(it info_type_pkey) IndexScan(t title_pkey) NestLoop(pi n) NestLoop(pi n an) NestLoop(pi n an ci) NestLoop(pi n an ci ml) HashJoin(pi n an ci ml lt) NestLoop(pi n an ci ml lt it) NestLoop(pi n an ci ml lt it t) Leading((((((((pi n) an) ci) ml) lt) it) t)) */
"['%y%', 'mini biography', 'version of', 'm', 'f', '%Dean%', 'Ed Stephan <stephan@cc.wwu.edu>']",1,median,33.45155715942383,40.734052658081055,0.5461156,50,/*+  SeqScan(pi) IndexScan(n name_pkey) IndexScan(an person_id_aka_name) IndexScan(ci person_id_cast_info) IndexScan(ml linked_movie_id_movie_link) SeqScan(lt) IndexScan(it info_type_pkey) IndexScan(t title_pkey) NestLoop(pi n) NestLoop(pi n an) NestLoop(pi n an ci) NestLoop(pi n an ci ml) HashJoin(pi n an ci ml lt) NestLoop(pi n an ci ml lt it) NestLoop(pi n an ci ml lt it t) Leading((((((((pi n) an) ci) ml) lt) it) t)) */
"['%Edward%', 'mini biography', 'referenced in', 'm', 'f', '%Weinstein%', 'Anonymous']",1,median,38.997650146484375,26.834726333618164,0.5258424,50,/*+  SeqScan(pi) IndexScan(n name_pkey) IndexScan(an person_id_aka_name) IndexScan(ci person_id_cast_info) IndexScan(ml linked_movie_id_movie_link) SeqScan(lt) IndexScan(it info_type_pkey) IndexScan(t title_pkey) NestLoop(pi n) NestLoop(pi n an) NestLoop(pi n an ci) NestLoop(pi n an ci ml) HashJoin(pi n an ci ml lt) NestLoop(pi n an ci ml lt it) NestLoop(pi n an ci ml lt it t) Leading((((((((pi n) an) ci) ml) lt) it) t)) */
"['%d%', 'mini biography', 'followed by', 'm', 'f', '%Mark%', 'woodyanders']",1,median,32.84096717834473,44.441938400268555,0.51895475,50,/*+  SeqScan(pi) IndexScan(n name_pkey) IndexScan(an person_id_aka_name) IndexScan(ci person_id_cast_info) IndexScan(ml linked_movie_id_movie_link) SeqScan(lt) IndexScan(it info_type_pkey) IndexScan(t title_pkey) NestLoop(pi n) NestLoop(pi n an) NestLoop(pi n an ci) NestLoop(pi n an ci ml) HashJoin(pi n an ci ml lt) NestLoop(pi n an ci ml lt it) NestLoop(pi n an ci ml lt it t) Leading((((((((pi n) an) ci) ml) lt) it) t)) */
"['%i%', 'mini biography', 'version of', 'm', 'f', '%Beverley%', 'Anonymous']",1,median,49.584388732910156,56.980133056640625,0.5258129,50,/*+  SeqScan(pi) IndexScan(n name_pkey) IndexScan(an person_id_aka_name) IndexScan(ci person_id_cast_info) IndexScan(ml linked_movie_id_movie_link) SeqScan(lt) IndexScan(it info_type_pkey) IndexScan(t title_pkey) NestLoop(pi n) NestLoop(pi n an) NestLoop(pi n an ci) NestLoop(pi n an ci ml) HashJoin(pi n an ci ml lt) NestLoop(pi n an ci ml lt it) NestLoop(pi n an ci ml lt it t) Leading((((((((pi n) an) ci) ml) lt) it) t)) */
"['%Mary%', 'mini biography', 'features', 'f', 'm', '%Fernando%', 'Anonymous']",1,median,39.72935676574707,40.54594039916992,0.53097147,50,/*+  SeqScan(pi) IndexScan(n name_pkey) IndexScan(an person_id_aka_name) IndexScan(ci person_id_cast_info) IndexScan(ml linked_movie_id_movie_link) SeqScan(lt) IndexScan(it info_type_pkey) IndexScan(t title_pkey) NestLoop(pi n) NestLoop(pi n an) NestLoop(pi n an ci) NestLoop(pi n an ci ml) HashJoin(pi n an ci ml lt) NestLoop(pi n an ci ml lt it) NestLoop(pi n an ci ml lt it t) Leading((((((((pi n) an) ci) ml) lt) it) t)) */
"['%Carol%', 'mini biography', 'features', 'f', 'm', '%Victoria%', 'Gary Brumburgh / gr-home@pacbell.net']",1,median,30.726194381713867,38.33484649658203,0.5414133,50,/*+  SeqScan(pi) IndexScan(n name_pkey) IndexScan(an person_id_aka_name) IndexScan(ci person_id_cast_info) IndexScan(ml linked_movie_id_movie_link) SeqScan(lt) IndexScan(it info_type_pkey) IndexScan(t title_pkey) NestLoop(pi n) NestLoop(pi n an) NestLoop(pi n an ci) NestLoop(pi n an ci ml) HashJoin(pi n an ci ml lt) NestLoop(pi n an ci ml lt it) NestLoop(pi n an ci ml lt it t) Leading((((((((pi n) an) ci) ml) lt) it) t)) */
"['%J%', 'mini biography', 'features', 'f', 'm', '%David%', 'frankfob2@yahoo.com']",1,median,35.902976989746094,69.54264640808105,0.5439163,50,/*+  SeqScan(pi) IndexScan(n name_pkey) IndexScan(an person_id_aka_name) IndexScan(ci person_id_cast_info) IndexScan(ml linked_movie_id_movie_link) SeqScan(lt) IndexScan(it info_type_pkey) IndexScan(t title_pkey) NestLoop(pi n) NestLoop(pi n an) NestLoop(pi n an ci) NestLoop(pi n an ci ml) HashJoin(pi n an ci ml lt) NestLoop(pi n an ci ml lt it) NestLoop(pi n an ci ml lt it t) Leading((((((((pi n) an) ci) ml) lt) it) t)) */
"['%l%', 'mini biography', 'version of', 'm', 'f', '%Rita%', 'woodyanders']",1,median,30.513525009155273,37.41765022277832,0.5328483,50,/*+  SeqScan(pi) IndexScan(n name_pkey) IndexScan(an person_id_aka_name) IndexScan(ci person_id_cast_info) IndexScan(ml linked_movie_id_movie_link) SeqScan(lt) IndexScan(it info_type_pkey) IndexScan(t title_pkey) NestLoop(pi n) NestLoop(pi n an) NestLoop(pi n an ci) NestLoop(pi n an ci ml) HashJoin(pi n an ci ml lt) NestLoop(pi n an ci ml lt it) NestLoop(pi n an ci ml lt it t) Leading((((((((pi n) an) ci) ml) lt) it) t)) */
"['%A%', 'mini biography', 'featured in', 'm', 'f', '%Joiner%', 'Gary Brumburgh / gr-home@pacbell.net']",1,median,35.462379455566406,38.86151313781738,0.53114027,50,/*+  SeqScan(pi) IndexScan(n name_pkey) IndexScan(an person_id_aka_name) IndexScan(ci person_id_cast_info) IndexScan(ml linked_movie_id_movie_link) SeqScan(lt) IndexScan(it info_type_pkey) IndexScan(t title_pkey) NestLoop(pi n) NestLoop(pi n an) NestLoop(pi n an ci) NestLoop(pi n an ci ml) HashJoin(pi n an ci ml lt) NestLoop(pi n an ci ml lt it) NestLoop(pi n an ci ml lt it t) Leading((((((((pi n) an) ci) ml) lt) it) t)) */
"['%n%', 'mini biography', 'referenced in', 'm', 'f', '%Clinton%', 'Anonymous']",1,median,56.999921798706055,69.85282897949219,0.5132709,50,/*+  SeqScan(pi) IndexScan(n name_pkey) IndexScan(an person_id_aka_name) IndexScan(ci person_id_cast_info) IndexScan(ml linked_movie_id_movie_link) SeqScan(lt) IndexScan(it info_type_pkey) IndexScan(t title_pkey) NestLoop(pi n) NestLoop(pi n an) NestLoop(pi n an ci) NestLoop(pi n an ci ml) HashJoin(pi n an ci ml lt) NestLoop(pi n an ci ml lt it) NestLoop(pi n an ci ml lt it t) Leading((((((((pi n) an) ci) ml) lt) it) t)) */
"['%The%', 'mini biography', 'references', 'm', 'f', '%Taylor%', 'Anonymous']",1,median,44.04497146606445,71.81239128112793,0.5326284,50,/*+  SeqScan(pi) IndexScan(n name_pkey) IndexScan(an person_id_aka_name) IndexScan(ci person_id_cast_info) IndexScan(ml linked_movie_id_movie_link) SeqScan(lt) IndexScan(it info_type_pkey) IndexScan(t title_pkey) NestLoop(pi n) NestLoop(pi n an) NestLoop(pi n an ci) NestLoop(pi n an ci ml) HashJoin(pi n an ci ml lt) NestLoop(pi n an ci ml lt it) NestLoop(pi n an ci ml lt it t) Leading((((((((pi n) an) ci) ml) lt) it) t)) */
"['%s%', 'mini biography', 'edited from', 'm', 'f', '%Bob%', 'Anonymous']",1,median,44.71588134765625,47.095298767089844,0.5336938,50,/*+  SeqScan(pi) IndexScan(n name_pkey) IndexScan(an person_id_aka_name) IndexScan(ci person_id_cast_info) IndexScan(ml linked_movie_id_movie_link) SeqScan(lt) IndexScan(it info_type_pkey) IndexScan(t title_pkey) NestLoop(pi n) NestLoop(pi n an) NestLoop(pi n an ci) NestLoop(pi n an ci ml) HashJoin(pi n an ci ml lt) NestLoop(pi n an ci ml lt it) NestLoop(pi n an ci ml lt it t) Leading((((((((pi n) an) ci) ml) lt) it) t)) */
"['%o%', 'mini biography', 'referenced in', 'f', 'm', '%Christopher%', 'Anonymous']",1,median,45.33743858337402,39.431095123291016,0.54547787,50,/*+  SeqScan(pi) IndexScan(n name_pkey) IndexScan(an person_id_aka_name) IndexScan(ci person_id_cast_info) IndexScan(ml linked_movie_id_movie_link) SeqScan(lt) IndexScan(it info_type_pkey) IndexScan(t title_pkey) NestLoop(pi n) NestLoop(pi n an) NestLoop(pi n an ci) NestLoop(pi n an ci ml) HashJoin(pi n an ci ml lt) NestLoop(pi n an ci ml lt it) NestLoop(pi n an ci ml lt it t) Leading((((((((pi n) an) ci) ml) lt) it) t)) */
"['%e%', 'mini biography', 'referenced in', 'f', 'm', '%Berman%', 'Anonymous']",1,median,39.39366340637207,40.452003479003906,0.52239513,50,/*+  SeqScan(pi) IndexScan(n name_pkey) IndexScan(an person_id_aka_name) IndexScan(ci person_id_cast_info) IndexScan(ml linked_movie_id_movie_link) SeqScan(lt) IndexScan(it info_type_pkey) IndexScan(t title_pkey) NestLoop(pi n) NestLoop(pi n an) NestLoop(pi n an ci) NestLoop(pi n an ci ml) HashJoin(pi n an ci ml lt) NestLoop(pi n an ci ml lt it) NestLoop(pi n an ci ml lt it t) Leading((((((((pi n) an) ci) ml) lt) it) t)) */
"['%o%', 'mini biography', 'version of', 'f', 'm', '%David%', 'Anonymous']",1,median,38.29240798950195,41.64385795593262,0.54729885,50,/*+  SeqScan(pi) IndexScan(n name_pkey) IndexScan(an person_id_aka_name) IndexScan(ci person_id_cast_info) IndexScan(ml linked_movie_id_movie_link) SeqScan(lt) IndexScan(it info_type_pkey) IndexScan(t title_pkey) NestLoop(pi n) NestLoop(pi n an) NestLoop(pi n an ci) NestLoop(pi n an ci ml) HashJoin(pi n an ci ml lt) NestLoop(pi n an ci ml lt it) NestLoop(pi n an ci ml lt it t) Leading((((((((pi n) an) ci) ml) lt) it) t)) */
"['%a%', 'mini biography', 'edited from', 'm', 'f', '%Jones%', 'Anonymous']",1,median,48.97761344909668,72.95799255371094,0.51574665,50,/*+  SeqScan(pi) IndexScan(n name_pkey) IndexScan(an person_id_aka_name) IndexScan(ci person_id_cast_info) IndexScan(ml linked_movie_id_movie_link) SeqScan(lt) IndexScan(it info_type_pkey) IndexScan(t title_pkey) NestLoop(pi n) NestLoop(pi n an) NestLoop(pi n an ci) NestLoop(pi n an ci ml) HashJoin(pi n an ci ml lt) NestLoop(pi n an ci ml lt it) NestLoop(pi n an ci ml lt it t) Leading((((((((pi n) an) ci) ml) lt) it) t)) */
"['%J%', 'mini biography', 'referenced in', 'm', 'f', '%Osborne%', 'Gary Brumburgh / gr-home@pacbell.net']",1,median,32.839059829711914,31.998872756958008,0.522419,50,/*+  SeqScan(pi) IndexScan(n name_pkey) IndexScan(an person_id_aka_name) IndexScan(ci person_id_cast_info) IndexScan(ml linked_movie_id_movie_link) SeqScan(lt) IndexScan(it info_type_pkey) IndexScan(t title_pkey) NestLoop(pi n) NestLoop(pi n an) NestLoop(pi n an ci) NestLoop(pi n an ci ml) HashJoin(pi n an ci ml lt) NestLoop(pi n an ci ml lt it) NestLoop(pi n an ci ml lt it t) Leading((((((((pi n) an) ci) ml) lt) it) t)) */
"['%K%', 'mini biography', 'featured in', 'f', 'm', '%Tara%', 'woodyanders']",1,median,39.374351501464844,45.62807083129883,0.5440303,50,/*+  SeqScan(pi) IndexScan(n name_pkey) IndexScan(an person_id_aka_name) IndexScan(ci person_id_cast_info) IndexScan(ml linked_movie_id_movie_link) SeqScan(lt) IndexScan(it info_type_pkey) IndexScan(t title_pkey) NestLoop(pi n) NestLoop(pi n an) NestLoop(pi n an ci) NestLoop(pi n an ci ml) HashJoin(pi n an ci ml lt) NestLoop(pi n an ci ml lt it) NestLoop(pi n an ci ml lt it t) Leading((((((((pi n) an) ci) ml) lt) it) t)) */
"['%y%', 'mini biography', 'featured in', 'm', 'f', '%Rodriguez%', 'Anonymous']",1,median,43.73955726623535,49.950361251831055,0.5374394,50,/*+  SeqScan(pi) IndexScan(n name_pkey) IndexScan(an person_id_aka_name) IndexScan(ci person_id_cast_info) IndexScan(ml linked_movie_id_movie_link) SeqScan(lt) IndexScan(it info_type_pkey) IndexScan(t title_pkey) NestLoop(pi n) NestLoop(pi n an) NestLoop(pi n an ci) NestLoop(pi n an ci ml) HashJoin(pi n an ci ml lt) NestLoop(pi n an ci ml lt it) NestLoop(pi n an ci ml lt it t) Leading((((((((pi n) an) ci) ml) lt) it) t)) */
"['%i%', 'mini biography', 'referenced in', 'm', 'f', '%Ray%', 'Anonymous']",1,median,46.20623588562012,51.00655555725098,0.5330223,50,/*+  SeqScan(pi) IndexScan(n name_pkey) IndexScan(an person_id_aka_name) IndexScan(ci person_id_cast_info) IndexScan(ml linked_movie_id_movie_link) SeqScan(lt) IndexScan(it info_type_pkey) IndexScan(t title_pkey) NestLoop(pi n) NestLoop(pi n an) NestLoop(pi n an ci) NestLoop(pi n an ci ml) HashJoin(pi n an ci ml lt) NestLoop(pi n an ci ml lt it) NestLoop(pi n an ci ml lt it t) Leading((((((((pi n) an) ci) ml) lt) it) t)) */
"['%h%', 'mini biography', 'references', 'f', 'm', '%Bijan%', 'Anonymous']",1,median,38.09976577758789,40.78817367553711,0.529709,50,/*+  SeqScan(pi) IndexScan(n name_pkey) IndexScan(an person_id_aka_name) IndexScan(ci person_id_cast_info) IndexScan(ml linked_movie_id_movie_link) SeqScan(lt) IndexScan(it info_type_pkey) IndexScan(t title_pkey) NestLoop(pi n) NestLoop(pi n an) NestLoop(pi n an ci) NestLoop(pi n an ci ml) HashJoin(pi n an ci ml lt) NestLoop(pi n an ci ml lt it) NestLoop(pi n an ci ml lt it t) Leading((((((((pi n) an) ci) ml) lt) it) t)) */
"['%r%', 'mini biography', 'referenced in', 'f', 'm', '%Clinton%', 'Anonymous']",1,median,38.82646560668945,37.25838661193848,0.52425855,50,/*+  SeqScan(pi) IndexScan(n name_pkey) IndexScan(an person_id_aka_name) IndexScan(ci person_id_cast_info) IndexScan(ml linked_movie_id_movie_link) SeqScan(lt) IndexScan(it info_type_pkey) IndexScan(t title_pkey) NestLoop(pi n) NestLoop(pi n an) NestLoop(pi n an ci) NestLoop(pi n an ci ml) HashJoin(pi n an ci ml lt) NestLoop(pi n an ci ml lt it) NestLoop(pi n an ci ml lt it t) Leading((((((((pi n) an) ci) ml) lt) it) t)) */
"['%e%', 'mini biography', 'followed by', 'm', 'f', '%Faith%', 'Gary Brumburgh / gr-home@pacbell.net']",1,median,36.337852478027344,34.662723541259766,0.5359737,50,/*+  SeqScan(pi) IndexScan(n name_pkey) IndexScan(an person_id_aka_name) IndexScan(ci person_id_cast_info) IndexScan(ml linked_movie_id_movie_link) SeqScan(lt) IndexScan(it info_type_pkey) IndexScan(t title_pkey) NestLoop(pi n) NestLoop(pi n an) NestLoop(pi n an ci) NestLoop(pi n an ci ml) HashJoin(pi n an ci ml lt) NestLoop(pi n an ci ml lt it) NestLoop(pi n an ci ml lt it t) Leading((((((((pi n) an) ci) ml) lt) it) t)) */
"['%S%', 'mini biography', 'features', 'm', 'f', '%Cagney%', 'Jon C. Hopwood']",1,median,34.88302230834961,66.32852554321289,0.5319561,50,/*+  SeqScan(pi) IndexScan(n name_pkey) IndexScan(an person_id_aka_name) IndexScan(ci person_id_cast_info) IndexScan(ml linked_movie_id_movie_link) SeqScan(lt) IndexScan(it info_type_pkey) IndexScan(t title_pkey) NestLoop(pi n) NestLoop(pi n an) NestLoop(pi n an ci) NestLoop(pi n an ci ml) HashJoin(pi n an ci ml lt) NestLoop(pi n an ci ml lt it) NestLoop(pi n an ci ml lt it t) Leading((((((((pi n) an) ci) ml) lt) it) t)) */
"['%m%', 'mini biography', 'references', 'f', 'm', '%Dennis%', 'Anonymous']",1,median,35.4461669921875,42.91391372680664,0.53529733,50,/*+  SeqScan(pi) IndexScan(n name_pkey) IndexScan(an person_id_aka_name) IndexScan(ci person_id_cast_info) IndexScan(ml linked_movie_id_movie_link) SeqScan(lt) IndexScan(it info_type_pkey) IndexScan(t title_pkey) NestLoop(pi n) NestLoop(pi n an) NestLoop(pi n an ci) NestLoop(pi n an ci ml) HashJoin(pi n an ci ml lt) NestLoop(pi n an ci ml lt it) NestLoop(pi n an ci ml lt it t) Leading((((((((pi n) an) ci) ml) lt) it) t)) */
"['%Wright%', 'mini biography', 'references', 'm', 'f', '%Rene%', 'Anonymous']",1,median,38.785457611083984,33.06269645690918,0.54063046,50,/*+  SeqScan(pi) IndexScan(n name_pkey) IndexScan(an person_id_aka_name) IndexScan(ci person_id_cast_info) IndexScan(ml linked_movie_id_movie_link) SeqScan(lt) IndexScan(it info_type_pkey) IndexScan(t title_pkey) NestLoop(pi n) NestLoop(pi n an) NestLoop(pi n an ci) NestLoop(pi n an ci ml) HashJoin(pi n an ci ml lt) NestLoop(pi n an ci ml lt it) NestLoop(pi n an ci ml lt it t) Leading((((((((pi n) an) ci) ml) lt) it) t)) */
"['%A%', 'mini biography', 'features', 'f', 'm', '%Kennan%', 'Anonymous']",1,median,33.90026092529297,34.78431701660156,0.54058814,50,/*+  SeqScan(pi) IndexScan(n name_pkey) IndexScan(an person_id_aka_name) IndexScan(ci person_id_cast_info) IndexScan(ml linked_movie_id_movie_link) SeqScan(lt) IndexScan(it info_type_pkey) IndexScan(t title_pkey) NestLoop(pi n) NestLoop(pi n an) NestLoop(pi n an ci) NestLoop(pi n an ci ml) HashJoin(pi n an ci ml lt) NestLoop(pi n an ci ml lt it) NestLoop(pi n an ci ml lt it t) Leading((((((((pi n) an) ci) ml) lt) it) t)) */
"['%B%', 'mini biography', 'alternate language version of', 'm', 'f', '%Sr%', 'Anonymous']",1,median,45.59516906738281,20.528316497802734,0.5297718,50,/*+  SeqScan(pi) IndexScan(n name_pkey) IndexScan(an person_id_aka_name) IndexScan(ci person_id_cast_info) IndexScan(ml linked_movie_id_movie_link) SeqScan(lt) IndexScan(it info_type_pkey) IndexScan(t title_pkey) NestLoop(pi n) NestLoop(pi n an) NestLoop(pi n an ci) NestLoop(pi n an ci ml) HashJoin(pi n an ci ml lt) NestLoop(pi n an ci ml lt it) NestLoop(pi n an ci ml lt it t) Leading((((((((pi n) an) ci) ml) lt) it) t)) */
"['%e%', 'mini biography', 'featured in', 'm', 'f', '%Jim%', 'Gary Brumburgh / gr-home@pacbell.net']",1,median,33.17546844482422,33.864736557006836,0.52513355,50,/*+  SeqScan(pi) IndexScan(n name_pkey) IndexScan(an person_id_aka_name) IndexScan(ci person_id_cast_info) IndexScan(ml linked_movie_id_movie_link) SeqScan(lt) IndexScan(it info_type_pkey) IndexScan(t title_pkey) NestLoop(pi n) NestLoop(pi n an) NestLoop(pi n an ci) NestLoop(pi n an ci ml) HashJoin(pi n an ci ml lt) NestLoop(pi n an ci ml lt it) NestLoop(pi n an ci ml lt it t) Leading((((((((pi n) an) ci) ml) lt) it) t)) */
"['%Alexander%', 'mini biography', 'referenced in', 'f', 'm', '%William%', 'Anonymous']",1,median,38.712501525878906,33.53595733642578,0.5298295,50,/*+  SeqScan(pi) IndexScan(n name_pkey) IndexScan(an person_id_aka_name) IndexScan(ci person_id_cast_info) IndexScan(ml linked_movie_id_movie_link) SeqScan(lt) IndexScan(it info_type_pkey) IndexScan(t title_pkey) NestLoop(pi n) NestLoop(pi n an) NestLoop(pi n an ci) NestLoop(pi n an ci ml) HashJoin(pi n an ci ml lt) NestLoop(pi n an ci ml lt it) NestLoop(pi n an ci ml lt it t) Leading((((((((pi n) an) ci) ml) lt) it) t)) */
"['%c%', 'mini biography', 'spoofs', 'm', 'f', '%Bell%', 'woodyanders']",1,median,33.090829849243164,33.55717658996582,0.52910906,50,/*+  SeqScan(pi) IndexScan(n name_pkey) IndexScan(an person_id_aka_name) IndexScan(ci person_id_cast_info) IndexScan(ml linked_movie_id_movie_link) SeqScan(lt) IndexScan(it info_type_pkey) IndexScan(t title_pkey) NestLoop(pi n) NestLoop(pi n an) NestLoop(pi n an ci) NestLoop(pi n an ci ml) HashJoin(pi n an ci ml lt) NestLoop(pi n an ci ml lt it) NestLoop(pi n an ci ml lt it t) Leading((((((((pi n) an) ci) ml) lt) it) t)) */
"['%T%', 'mini biography', 'features', 'f', 'm', '%Viola%', 'Gary Brumburgh / gr-home@pacbell.net']",1,median,30.57265281677246,38.033485412597656,0.533245,50,/*+  SeqScan(pi) IndexScan(n name_pkey) IndexScan(an person_id_aka_name) IndexScan(ci person_id_cast_info) IndexScan(ml linked_movie_id_movie_link) SeqScan(lt) IndexScan(it info_type_pkey) IndexScan(t title_pkey) NestLoop(pi n) NestLoop(pi n an) NestLoop(pi n an ci) NestLoop(pi n an ci ml) HashJoin(pi n an ci ml lt) NestLoop(pi n an ci ml lt it) NestLoop(pi n an ci ml lt it t) Leading((((((((pi n) an) ci) ml) lt) it) t)) */
"['%J%', 'mini biography', 'featured in', 'm', 'f', '%Barker%', 'Anonymous']",1,median,44.15750503540039,38.2237434387207,0.5191202,50,/*+  SeqScan(pi) IndexScan(n name_pkey) IndexScan(an person_id_aka_name) IndexScan(ci person_id_cast_info) IndexScan(ml linked_movie_id_movie_link) SeqScan(lt) IndexScan(it info_type_pkey) IndexScan(t title_pkey) NestLoop(pi n) NestLoop(pi n an) NestLoop(pi n an ci) NestLoop(pi n an ci ml) HashJoin(pi n an ci ml lt) NestLoop(pi n an ci ml lt it) NestLoop(pi n an ci ml lt it t) Leading((((((((pi n) an) ci) ml) lt) it) t)) */
"['%v%', 'mini biography', 'features', 'f', 'm', '%Manzini%', 'I.S.Mowis']",1,median,29.456377029418945,31.95047378540039,0.5435353,50,/*+  SeqScan(pi) IndexScan(n name_pkey) IndexScan(an person_id_aka_name) IndexScan(ci person_id_cast_info) IndexScan(ml linked_movie_id_movie_link) SeqScan(lt) IndexScan(it info_type_pkey) IndexScan(t title_pkey) NestLoop(pi n) NestLoop(pi n an) NestLoop(pi n an ci) NestLoop(pi n an ci ml) HashJoin(pi n an ci ml lt) NestLoop(pi n an ci ml lt it) NestLoop(pi n an ci ml lt it t) Leading((((((((pi n) an) ci) ml) lt) it) t)) */
"['%a%', 'mini biography', 'referenced in', 'f', 'm', '%Markovic%', 'frankfob2@yahoo.com']",1,median,29.305458068847656,37.8870964050293,0.5382833,50,/*+  SeqScan(pi) IndexScan(n name_pkey) IndexScan(an person_id_aka_name) IndexScan(ci person_id_cast_info) IndexScan(ml linked_movie_id_movie_link) SeqScan(lt) IndexScan(it info_type_pkey) IndexScan(t title_pkey) NestLoop(pi n) NestLoop(pi n an) NestLoop(pi n an ci) NestLoop(pi n an ci ml) HashJoin(pi n an ci ml lt) NestLoop(pi n an ci ml lt it) NestLoop(pi n an ci ml lt it t) Leading((((((((pi n) an) ci) ml) lt) it) t)) */
"['%l%', 'mini biography', 'followed by', 'f', 'm', '%Francis%', 'Gary Brumburgh / gr-home@pacbell.net']",1,median,36.362409591674805,47.51157760620117,0.5480801,50,/*+  SeqScan(pi) IndexScan(n name_pkey) IndexScan(an person_id_aka_name) IndexScan(ci person_id_cast_info) IndexScan(ml linked_movie_id_movie_link) SeqScan(lt) IndexScan(it info_type_pkey) IndexScan(t title_pkey) NestLoop(pi n) NestLoop(pi n an) NestLoop(pi n an ci) NestLoop(pi n an ci ml) HashJoin(pi n an ci ml lt) NestLoop(pi n an ci ml lt it) NestLoop(pi n an ci ml lt it t) Leading((((((((pi n) an) ci) ml) lt) it) t)) */
"['%m%', 'mini biography', 'follows', 'f', 'm', '%Francisco%', 'Gary Brumburgh / gr-home@pacbell.net']",1,median,35.86602210998535,39.03841972351074,0.5436259,50,/*+  SeqScan(pi) IndexScan(n name_pkey) IndexScan(an person_id_aka_name) IndexScan(ci person_id_cast_info) IndexScan(ml linked_movie_id_movie_link) SeqScan(lt) IndexScan(it info_type_pkey) IndexScan(t title_pkey) NestLoop(pi n) NestLoop(pi n an) NestLoop(pi n an ci) NestLoop(pi n an ci ml) HashJoin(pi n an ci ml lt) NestLoop(pi n an ci ml lt it) NestLoop(pi n an ci ml lt it t) Leading((((((((pi n) an) ci) ml) lt) it) t)) */
"['%i%', 'mini biography', 'references', 'm', 'f', '%Taylor%', 'Bob Stage']",1,median,41.50223731994629,34.154415130615234,0.53072613,50,/*+  SeqScan(pi) IndexScan(n name_pkey) IndexScan(an person_id_aka_name) IndexScan(ci person_id_cast_info) IndexScan(ml linked_movie_id_movie_link) SeqScan(lt) IndexScan(it info_type_pkey) IndexScan(t title_pkey) NestLoop(pi n) NestLoop(pi n an) NestLoop(pi n an ci) NestLoop(pi n an ci ml) HashJoin(pi n an ci ml lt) NestLoop(pi n an ci ml lt it) NestLoop(pi n an ci ml lt it t) Leading((((((((pi n) an) ci) ml) lt) it) t)) */
"['%o%', 'mini biography', 'references', 'f', 'm', '%David%', 'Anonymous']",1,median,39.511919021606445,81.56824111938477,0.54773283,50,/*+  SeqScan(pi) IndexScan(n name_pkey) IndexScan(an person_id_aka_name) IndexScan(ci person_id_cast_info) IndexScan(ml linked_movie_id_movie_link) SeqScan(lt) IndexScan(it info_type_pkey) IndexScan(t title_pkey) NestLoop(pi n) NestLoop(pi n an) NestLoop(pi n an ci) NestLoop(pi n an ci ml) HashJoin(pi n an ci ml lt) NestLoop(pi n an ci ml lt it) NestLoop(pi n an ci ml lt it t) Leading((((((((pi n) an) ci) ml) lt) it) t)) */
"['%t%', 'mini biography', 'referenced in', 'm', 'f', '%Dian%', 'Anonymous']",1,median,39.8097038269043,41.289329528808594,0.52756935,50,/*+  SeqScan(pi) IndexScan(n name_pkey) IndexScan(an person_id_aka_name) IndexScan(ci person_id_cast_info) IndexScan(ml linked_movie_id_movie_link) SeqScan(lt) IndexScan(it info_type_pkey) IndexScan(t title_pkey) NestLoop(pi n) NestLoop(pi n an) NestLoop(pi n an ci) NestLoop(pi n an ci ml) HashJoin(pi n an ci ml lt) NestLoop(pi n an ci ml lt it) NestLoop(pi n an ci ml lt it t) Leading((((((((pi n) an) ci) ml) lt) it) t)) */
"['%Taylor%', 'mini biography', 'referenced in', 'f', 'm', '%Citiolo%', 'Anonymous']",1,median,33.87951850891113,27.866363525390625,0.52239513,50,/*+  SeqScan(pi) IndexScan(n name_pkey) IndexScan(an person_id_aka_name) IndexScan(ci person_id_cast_info) IndexScan(ml linked_movie_id_movie_link) SeqScan(lt) IndexScan(it info_type_pkey) IndexScan(t title_pkey) NestLoop(pi n) NestLoop(pi n an) NestLoop(pi n an ci) NestLoop(pi n an ci ml) HashJoin(pi n an ci ml lt) NestLoop(pi n an ci ml lt it) NestLoop(pi n an ci ml lt it t) Leading((((((((pi n) an) ci) ml) lt) it) t)) */
"['%y%', 'mini biography', 'references', 'f', 'm', '%Jones%', 'Anonymous']",1,median,36.553144454956055,78.86767387390137,0.5454899,50,/*+  SeqScan(pi) IndexScan(n name_pkey) IndexScan(an person_id_aka_name) IndexScan(ci person_id_cast_info) IndexScan(ml linked_movie_id_movie_link) SeqScan(lt) IndexScan(it info_type_pkey) IndexScan(t title_pkey) NestLoop(pi n) NestLoop(pi n an) NestLoop(pi n an ci) NestLoop(pi n an ci ml) HashJoin(pi n an ci ml lt) NestLoop(pi n an ci ml lt it) NestLoop(pi n an ci ml lt it t) Leading((((((((pi n) an) ci) ml) lt) it) t)) */
"['%I%', 'mini biography', 'features', 'f', 'm', '%Lydia%', 'Anonymous']",1,median,42.39845275878906,31.673908233642578,0.53591424,50,/*+  SeqScan(pi) IndexScan(n name_pkey) IndexScan(an person_id_aka_name) IndexScan(ci person_id_cast_info) IndexScan(ml linked_movie_id_movie_link) SeqScan(lt) IndexScan(it info_type_pkey) IndexScan(t title_pkey) NestLoop(pi n) NestLoop(pi n an) NestLoop(pi n an ci) NestLoop(pi n an ci ml) HashJoin(pi n an ci ml lt) NestLoop(pi n an ci ml lt it) NestLoop(pi n an ci ml lt it t) Leading((((((((pi n) an) ci) ml) lt) it) t)) */
"['%o%', 'mini biography', 'references', 'm', 'f', '%Anne%', 'M Public Relations']",1,median,29.13045883178711,30.819177627563477,0.54299736,50,/*+  SeqScan(pi) IndexScan(n name_pkey) IndexScan(an person_id_aka_name) IndexScan(ci person_id_cast_info) IndexScan(ml linked_movie_id_movie_link) SeqScan(lt) IndexScan(it info_type_pkey) IndexScan(t title_pkey) NestLoop(pi n) NestLoop(pi n an) NestLoop(pi n an ci) NestLoop(pi n an ci ml) HashJoin(pi n an ci ml lt) NestLoop(pi n an ci ml lt it) NestLoop(pi n an ci ml lt it t) Leading((((((((pi n) an) ci) ml) lt) it) t)) */
"['%d%', 'mini biography', 'referenced in', 'm', 'f', '%RenÃ©e%', 'Anonymous']",1,median,49.84450340270996,49.022674560546875,0.5258424,50,/*+  SeqScan(pi) IndexScan(n name_pkey) IndexScan(an person_id_aka_name) IndexScan(ci person_id_cast_info) IndexScan(ml linked_movie_id_movie_link) SeqScan(lt) IndexScan(it info_type_pkey) IndexScan(t title_pkey) NestLoop(pi n) NestLoop(pi n an) NestLoop(pi n an ci) NestLoop(pi n an ci ml) HashJoin(pi n an ci ml lt) NestLoop(pi n an ci ml lt it) NestLoop(pi n an ci ml lt it t) Leading((((((((pi n) an) ci) ml) lt) it) t)) */
"['%k%', 'mini biography', 'features', 'm', 'f', '%Frank%', 'woodyanders']",1,median,32.93442726135254,68.09878349304199,0.5132185,50,/*+  SeqScan(pi) IndexScan(n name_pkey) IndexScan(an person_id_aka_name) IndexScan(ci person_id_cast_info) IndexScan(ml linked_movie_id_movie_link) SeqScan(lt) IndexScan(it info_type_pkey) IndexScan(t title_pkey) NestLoop(pi n) NestLoop(pi n an) NestLoop(pi n an ci) NestLoop(pi n an ci ml) HashJoin(pi n an ci ml lt) NestLoop(pi n an ci ml lt it) NestLoop(pi n an ci ml lt it t) Leading((((((((pi n) an) ci) ml) lt) it) t)) */
"['%Brown%', 'mini biography', 'featured in', 'f', 'm', '%Ron%', 'Anonymous']",1,median,42.565345764160156,48.325300216674805,0.52336466,50,/*+  SeqScan(pi) IndexScan(n name_pkey) IndexScan(an person_id_aka_name) IndexScan(ci person_id_cast_info) IndexScan(ml linked_movie_id_movie_link) SeqScan(lt) IndexScan(it info_type_pkey) IndexScan(t title_pkey) NestLoop(pi n) NestLoop(pi n an) NestLoop(pi n an ci) NestLoop(pi n an ci ml) HashJoin(pi n an ci ml lt) NestLoop(pi n an ci ml lt it) NestLoop(pi n an ci ml lt it t) Leading((((((((pi n) an) ci) ml) lt) it) t)) */
"['%The%', 'mini biography', 'featured in', 'm', 'f', '%Brown%', 'anonymous']",1,median,31.322717666625977,33.36071968078613,0.5295773,50,/*+  SeqScan(pi) IndexScan(n name_pkey) IndexScan(an person_id_aka_name) IndexScan(ci person_id_cast_info) IndexScan(ml linked_movie_id_movie_link) SeqScan(lt) IndexScan(it info_type_pkey) IndexScan(t title_pkey) NestLoop(pi n) NestLoop(pi n an) NestLoop(pi n an ci) NestLoop(pi n an ci ml) HashJoin(pi n an ci ml lt) NestLoop(pi n an ci ml lt it) NestLoop(pi n an ci ml lt it t) Leading((((((((pi n) an) ci) ml) lt) it) t)) */
"['%n%', 'mini biography', 'featured in', 'f', 'm', '%Robert%', 'Anonymous']",1,median,38.488149642944336,45.671939849853516,0.5336618,50,/*+  SeqScan(pi) IndexScan(n name_pkey) IndexScan(an person_id_aka_name) IndexScan(ci person_id_cast_info) IndexScan(ml linked_movie_id_movie_link) SeqScan(lt) IndexScan(it info_type_pkey) IndexScan(t title_pkey) NestLoop(pi n) NestLoop(pi n an) NestLoop(pi n an ci) NestLoop(pi n an ci ml) HashJoin(pi n an ci ml lt) NestLoop(pi n an ci ml lt it) NestLoop(pi n an ci ml lt it t) Leading((((((((pi n) an) ci) ml) lt) it) t)) */
"['%h%', 'mini biography', 'referenced in', 'm', 'f', '%Michelangelo%', 'woodyanders']",1,median,37.3382568359375,34.360408782958984,0.51310223,50,/*+  SeqScan(pi) IndexScan(n name_pkey) IndexScan(an person_id_aka_name) IndexScan(ci person_id_cast_info) IndexScan(ml linked_movie_id_movie_link) SeqScan(lt) IndexScan(it info_type_pkey) IndexScan(t title_pkey) NestLoop(pi n) NestLoop(pi n an) NestLoop(pi n an ci) NestLoop(pi n an ci ml) HashJoin(pi n an ci ml lt) NestLoop(pi n an ci ml lt it) NestLoop(pi n an ci ml lt it t) Leading((((((((pi n) an) ci) ml) lt) it) t)) */
"['%C%', 'mini biography', 'version of', 'm', 'f', '%Stephanie%', 'frankfob2@yahoo.com']",1,median,32.73797035217285,30.16829490661621,0.5265012,50,/*+  SeqScan(pi) IndexScan(n name_pkey) IndexScan(an person_id_aka_name) IndexScan(ci person_id_cast_info) IndexScan(ml linked_movie_id_movie_link) SeqScan(lt) IndexScan(it info_type_pkey) IndexScan(t title_pkey) NestLoop(pi n) NestLoop(pi n an) NestLoop(pi n an ci) NestLoop(pi n an ci ml) HashJoin(pi n an ci ml lt) NestLoop(pi n an ci ml lt it) NestLoop(pi n an ci ml lt it t) Leading((((((((pi n) an) ci) ml) lt) it) t)) */
"['%Jones%', 'mini biography', 'features', 'f', 'm', '%Turner%', 'Anonymous']",1,median,34.474849700927734,28.154611587524414,0.54852533,50,/*+  SeqScan(pi) IndexScan(n name_pkey) IndexScan(an person_id_aka_name) IndexScan(ci person_id_cast_info) IndexScan(ml linked_movie_id_movie_link) SeqScan(lt) IndexScan(it info_type_pkey) IndexScan(t title_pkey) NestLoop(pi n) NestLoop(pi n an) NestLoop(pi n an ci) NestLoop(pi n an ci ml) HashJoin(pi n an ci ml lt) NestLoop(pi n an ci ml lt it) NestLoop(pi n an ci ml lt it t) Leading((((((((pi n) an) ci) ml) lt) it) t)) */
"['%Green%', 'mini biography', 'features', 'f', 'm', '%Helge%', 'Gary Brumburgh / gr-home@pacbell.net']",1,median,31.182289123535156,35.421133041381836,0.5414133,50,/*+  SeqScan(pi) IndexScan(n name_pkey) IndexScan(an person_id_aka_name) IndexScan(ci person_id_cast_info) IndexScan(ml linked_movie_id_movie_link) SeqScan(lt) IndexScan(it info_type_pkey) IndexScan(t title_pkey) NestLoop(pi n) NestLoop(pi n an) NestLoop(pi n an ci) NestLoop(pi n an ci ml) HashJoin(pi n an ci ml lt) NestLoop(pi n an ci ml lt it) NestLoop(pi n an ci ml lt it t) Leading((((((((pi n) an) ci) ml) lt) it) t)) */
"['%d%', 'mini biography', 'follows', 'm', 'f', '%Griffin%', 'anonymous']",1,median,34.61003303527832,31.83269500732422,0.5229143,50,/*+  SeqScan(pi) IndexScan(n name_pkey) IndexScan(an person_id_aka_name) IndexScan(ci person_id_cast_info) IndexScan(ml linked_movie_id_movie_link) SeqScan(lt) IndexScan(it info_type_pkey) IndexScan(t title_pkey) NestLoop(pi n) NestLoop(pi n an) NestLoop(pi n an ci) NestLoop(pi n an ci ml) HashJoin(pi n an ci ml lt) NestLoop(pi n an ci ml lt it) NestLoop(pi n an ci ml lt it t) Leading((((((((pi n) an) ci) ml) lt) it) t)) */
"['%c%', 'mini biography', 'follows', 'm', 'f', '%Bob%', 'Anonymous']",1,median,39.20483589172363,40.024518966674805,0.5285428,50,/*+  SeqScan(pi) IndexScan(n name_pkey) IndexScan(an person_id_aka_name) IndexScan(ci person_id_cast_info) IndexScan(ml linked_movie_id_movie_link) SeqScan(lt) IndexScan(it info_type_pkey) IndexScan(t title_pkey) NestLoop(pi n) NestLoop(pi n an) NestLoop(pi n an ci) NestLoop(pi n an ci ml) HashJoin(pi n an ci ml lt) NestLoop(pi n an ci ml lt it) NestLoop(pi n an ci ml lt it t) Leading((((((((pi n) an) ci) ml) lt) it) t)) */
"['%e%', 'mini biography', 'follows', 'f', 'm', '%Lencastre%', 'Anonymous']",1,median,34.345149993896484,46.57936096191406,0.52461386,50,/*+  SeqScan(pi) IndexScan(n name_pkey) IndexScan(an person_id_aka_name) IndexScan(ci person_id_cast_info) IndexScan(ml linked_movie_id_movie_link) SeqScan(lt) IndexScan(it info_type_pkey) IndexScan(t title_pkey) NestLoop(pi n) NestLoop(pi n an) NestLoop(pi n an ci) NestLoop(pi n an ci ml) HashJoin(pi n an ci ml lt) NestLoop(pi n an ci ml lt it) NestLoop(pi n an ci ml lt it t) Leading((((((((pi n) an) ci) ml) lt) it) t)) */
"['%M%', 'mini biography', 'references', 'm', 'f', '%Davis%', 'Anonymous']",1,median,40.871381759643555,87.82076835632324,0.53621686,50,/*+  SeqScan(pi) IndexScan(n name_pkey) IndexScan(an person_id_aka_name) IndexScan(ci person_id_cast_info) IndexScan(ml linked_movie_id_movie_link) SeqScan(lt) IndexScan(it info_type_pkey) IndexScan(t title_pkey) NestLoop(pi n) NestLoop(pi n an) NestLoop(pi n an ci) NestLoop(pi n an ci ml) HashJoin(pi n an ci ml lt) NestLoop(pi n an ci ml lt it) NestLoop(pi n an ci ml lt it t) Leading((((((((pi n) an) ci) ml) lt) it) t)) */
"['%z%', 'mini biography', 'version of', 'f', 'm', '%Freeman%', 'frankfob2@yahoo.com']",1,median,41.7940616607666,39.70789909362793,0.53256303,50,/*+  SeqScan(pi) IndexScan(n name_pkey) IndexScan(an person_id_aka_name) IndexScan(ci person_id_cast_info) IndexScan(ml linked_movie_id_movie_link) SeqScan(lt) IndexScan(it info_type_pkey) IndexScan(t title_pkey) NestLoop(pi n) NestLoop(pi n an) NestLoop(pi n an ci) NestLoop(pi n an ci ml) HashJoin(pi n an ci ml lt) NestLoop(pi n an ci ml lt it) NestLoop(pi n an ci ml lt it t) Leading((((((((pi n) an) ci) ml) lt) it) t)) */
"['%Country%', 'mini biography', 'referenced in', 'm', 'f', '%Johnny%', 'Anonymous']",1,median,40.86875915527344,38.106679916381836,0.5258424,50,/*+  SeqScan(pi) IndexScan(n name_pkey) IndexScan(an person_id_aka_name) IndexScan(ci person_id_cast_info) IndexScan(ml linked_movie_id_movie_link) SeqScan(lt) IndexScan(it info_type_pkey) IndexScan(t title_pkey) NestLoop(pi n) NestLoop(pi n an) NestLoop(pi n an ci) NestLoop(pi n an ci ml) HashJoin(pi n an ci ml lt) NestLoop(pi n an ci ml lt it) NestLoop(pi n an ci ml lt it t) Leading((((((((pi n) an) ci) ml) lt) it) t)) */
"['%y%', 'mini biography', 'featured in', 'm', 'f', '%Allen%', 'Matt Lee-Williams']",1,median,32.99403190612793,34.30032730102539,0.5428793,50,/*+  SeqScan(pi) IndexScan(n name_pkey) IndexScan(an person_id_aka_name) IndexScan(ci person_id_cast_info) IndexScan(ml linked_movie_id_movie_link) SeqScan(lt) IndexScan(it info_type_pkey) IndexScan(t title_pkey) NestLoop(pi n) NestLoop(pi n an) NestLoop(pi n an ci) NestLoop(pi n an ci ml) HashJoin(pi n an ci ml lt) NestLoop(pi n an ci ml lt it) NestLoop(pi n an ci ml lt it t) Leading((((((((pi n) an) ci) ml) lt) it) t)) */
"['%H%', 'mini biography', 'references', 'm', 'f', '%o%', 'anonymous']",1,median,32.377004623413086,85.85834503173828,0.5347894,50,/*+  SeqScan(pi) IndexScan(n name_pkey) IndexScan(an person_id_aka_name) IndexScan(ci person_id_cast_info) IndexScan(ml linked_movie_id_movie_link) SeqScan(lt) IndexScan(it info_type_pkey) IndexScan(t title_pkey) NestLoop(pi n) NestLoop(pi n an) NestLoop(pi n an ci) NestLoop(pi n an ci ml) HashJoin(pi n an ci ml lt) NestLoop(pi n an ci ml lt it) NestLoop(pi n an ci ml lt it t) Leading((((((((pi n) an) ci) ml) lt) it) t)) */
"['%k%', 'mini biography', 'follows', 'f', 'm', '%Gary%', 'Anonymous']",1,median,37.4910831451416,39.77632522583008,0.52212346,50,/*+  SeqScan(pi) IndexScan(n name_pkey) IndexScan(an person_id_aka_name) IndexScan(ci person_id_cast_info) IndexScan(ml linked_movie_id_movie_link) SeqScan(lt) IndexScan(it info_type_pkey) IndexScan(t title_pkey) NestLoop(pi n) NestLoop(pi n an) NestLoop(pi n an ci) NestLoop(pi n an ci ml) HashJoin(pi n an ci ml lt) NestLoop(pi n an ci ml lt it) NestLoop(pi n an ci ml lt it t) Leading((((((((pi n) an) ci) ml) lt) it) t)) */
"['%Doug%', 'mini biography', 'edited from', 'm', 'f', '%Kent%', 'Anonymous']",1,median,37.143707275390625,31.873703002929688,0.52085286,50,/*+  SeqScan(pi) IndexScan(n name_pkey) IndexScan(an person_id_aka_name) IndexScan(ci person_id_cast_info) IndexScan(ml linked_movie_id_movie_link) SeqScan(lt) IndexScan(it info_type_pkey) IndexScan(t title_pkey) NestLoop(pi n) NestLoop(pi n an) NestLoop(pi n an ci) NestLoop(pi n an ci ml) HashJoin(pi n an ci ml lt) NestLoop(pi n an ci ml lt it) NestLoop(pi n an ci ml lt it t) Leading((((((((pi n) an) ci) ml) lt) it) t)) */
"['%m%', 'mini biography', 'references', 'm', 'f', '%Donaldson%', 'Gary Brumburgh / gr-home@pacbell.net']",1,median,35.18486022949219,72.40653038024902,0.5436992,50,/*+  SeqScan(pi) IndexScan(n name_pkey) IndexScan(an person_id_aka_name) IndexScan(ci person_id_cast_info) IndexScan(ml linked_movie_id_movie_link) SeqScan(lt) IndexScan(it info_type_pkey) IndexScan(t title_pkey) NestLoop(pi n) NestLoop(pi n an) NestLoop(pi n an ci) NestLoop(pi n an ci ml) HashJoin(pi n an ci ml lt) NestLoop(pi n an ci ml lt it) NestLoop(pi n an ci ml lt it t) Leading((((((((pi n) an) ci) ml) lt) it) t)) */
"['%e%', 'mini biography', 'followed by', 'f', 'm', '%Morgan%', 'Gary Brumburgh / gr-home@pacbell.net']",1,median,32.83262252807617,35.0494384765625,0.53283376,50,/*+  SeqScan(pi) IndexScan(n name_pkey) IndexScan(an person_id_aka_name) IndexScan(ci person_id_cast_info) IndexScan(ml linked_movie_id_movie_link) SeqScan(lt) IndexScan(it info_type_pkey) IndexScan(t title_pkey) NestLoop(pi n) NestLoop(pi n an) NestLoop(pi n an ci) NestLoop(pi n an ci ml) HashJoin(pi n an ci ml lt) NestLoop(pi n an ci ml lt it) NestLoop(pi n an ci ml lt it t) Leading((((((((pi n) an) ci) ml) lt) it) t)) */
"['%J%', 'mini biography', 'remade as', 'f', 'm', '%Jackson%', 'Anonymous']",1,median,37.16850280761719,49.405813217163086,0.53671837,50,/*+  SeqScan(pi) IndexScan(n name_pkey) IndexScan(an person_id_aka_name) IndexScan(ci person_id_cast_info) IndexScan(ml linked_movie_id_movie_link) SeqScan(lt) IndexScan(it info_type_pkey) IndexScan(t title_pkey) NestLoop(pi n) NestLoop(pi n an) NestLoop(pi n an ci) NestLoop(pi n an ci ml) HashJoin(pi n an ci ml lt) NestLoop(pi n an ci ml lt it) NestLoop(pi n an ci ml lt it t) Leading((((((((pi n) an) ci) ml) lt) it) t)) */
"['%e%', 'mini biography', 'spin off from', 'm', 'f', '%Langley%', 'Anonymous']",1,median,49.1642951965332,73.17519187927246,0.5255514,50,/*+  SeqScan(pi) IndexScan(n name_pkey) IndexScan(an person_id_aka_name) IndexScan(ci person_id_cast_info) IndexScan(ml linked_movie_id_movie_link) SeqScan(lt) IndexScan(it info_type_pkey) IndexScan(t title_pkey) NestLoop(pi n) NestLoop(pi n an) NestLoop(pi n an ci) NestLoop(pi n an ci ml) HashJoin(pi n an ci ml lt) NestLoop(pi n an ci ml lt it) NestLoop(pi n an ci ml lt it t) Leading((((((((pi n) an) ci) ml) lt) it) t)) */
"['%f%', 'mini biography', 'features', 'm', 'f', '%Tyler%', 'Anonymous']",1,median,42.532920837402344,58.11929702758789,0.5332041,50,/*+  SeqScan(pi) IndexScan(n name_pkey) IndexScan(an person_id_aka_name) IndexScan(ci person_id_cast_info) IndexScan(ml linked_movie_id_movie_link) SeqScan(lt) IndexScan(it info_type_pkey) IndexScan(t title_pkey) NestLoop(pi n) NestLoop(pi n an) NestLoop(pi n an ci) NestLoop(pi n an ci ml) HashJoin(pi n an ci ml lt) NestLoop(pi n an ci ml lt it) NestLoop(pi n an ci ml lt it t) Leading((((((((pi n) an) ci) ml) lt) it) t)) */
"['%i%', 'mini biography', 'referenced in', 'm', 'f', '%Stewart%', 'woodyanders']",1,median,29.85095977783203,29.758214950561523,0.5302017,50,/*+  SeqScan(pi) IndexScan(n name_pkey) IndexScan(an person_id_aka_name) IndexScan(ci person_id_cast_info) IndexScan(ml linked_movie_id_movie_link) SeqScan(lt) IndexScan(it info_type_pkey) IndexScan(t title_pkey) NestLoop(pi n) NestLoop(pi n an) NestLoop(pi n an ci) NestLoop(pi n an ci ml) HashJoin(pi n an ci ml lt) NestLoop(pi n an ci ml lt it) NestLoop(pi n an ci ml lt it t) Leading((((((((pi n) an) ci) ml) lt) it) t)) */
"['%r%', 'mini biography', 'references', 'f', 'm', '%Christy%', 'Anonymous']",1,median,38.67030143737793,44.232845306396484,0.5385948,50,/*+  SeqScan(pi) IndexScan(n name_pkey) IndexScan(an person_id_aka_name) IndexScan(ci person_id_cast_info) IndexScan(ml linked_movie_id_movie_link) SeqScan(lt) IndexScan(it info_type_pkey) IndexScan(t title_pkey) NestLoop(pi n) NestLoop(pi n an) NestLoop(pi n an ci) NestLoop(pi n an ci ml) HashJoin(pi n an ci ml lt) NestLoop(pi n an ci ml lt it) NestLoop(pi n an ci ml lt it t) Leading((((((((pi n) an) ci) ml) lt) it) t)) */
"['%l%', 'mini biography', 'version of', 'm', 'f', '%JosÃ©%', 'Anonymous']",1,median,53.02929878234863,53.815603256225586,0.5340685,50,/*+  SeqScan(pi) IndexScan(n name_pkey) IndexScan(an person_id_aka_name) IndexScan(ci person_id_cast_info) IndexScan(ml linked_movie_id_movie_link) SeqScan(lt) IndexScan(it info_type_pkey) IndexScan(t title_pkey) NestLoop(pi n) NestLoop(pi n an) NestLoop(pi n an ci) NestLoop(pi n an ci ml) HashJoin(pi n an ci ml lt) NestLoop(pi n an ci ml lt it) NestLoop(pi n an ci ml lt it t) Leading((((((((pi n) an) ci) ml) lt) it) t)) */
"['%t%', 'mini biography', 'features', 'm', 'f', '%Ross%', 'Gary Brumburgh / gr-home@pacbell.net']",1,median,33.57958793640137,32.76968002319336,0.5356306,50,/*+  SeqScan(pi) IndexScan(n name_pkey) IndexScan(an person_id_aka_name) IndexScan(ci person_id_cast_info) IndexScan(ml linked_movie_id_movie_link) SeqScan(lt) IndexScan(it info_type_pkey) IndexScan(t title_pkey) NestLoop(pi n) NestLoop(pi n an) NestLoop(pi n an ci) NestLoop(pi n an ci ml) HashJoin(pi n an ci ml lt) NestLoop(pi n an ci ml lt it) NestLoop(pi n an ci ml lt it t) Leading((((((((pi n) an) ci) ml) lt) it) t)) */
"['%e%', 'mini biography', 'features', 'f', 'm', '%Taylor%', 'Anonymous']",1,median,41.41545295715332,40.077924728393555,0.53097147,50,/*+  SeqScan(pi) IndexScan(n name_pkey) IndexScan(an person_id_aka_name) IndexScan(ci person_id_cast_info) IndexScan(ml linked_movie_id_movie_link) SeqScan(lt) IndexScan(it info_type_pkey) IndexScan(t title_pkey) NestLoop(pi n) NestLoop(pi n an) NestLoop(pi n an ci) NestLoop(pi n an ci ml) HashJoin(pi n an ci ml lt) NestLoop(pi n an ci ml lt it) NestLoop(pi n an ci ml lt it t) Leading((((((((pi n) an) ci) ml) lt) it) t)) */
"['%a%', 'mini biography', 'features', 'm', 'f', '%GarcÃ\xada%', 'Anonymous']",1,median,54.99839782714844,75.73628425598145,0.5326345,50,/*+  SeqScan(pi) IndexScan(n name_pkey) IndexScan(an person_id_aka_name) IndexScan(ci person_id_cast_info) IndexScan(ml linked_movie_id_movie_link) SeqScan(lt) IndexScan(it info_type_pkey) IndexScan(t title_pkey) NestLoop(pi n) NestLoop(pi n an) NestLoop(pi n an ci) NestLoop(pi n an ci ml) HashJoin(pi n an ci ml lt) NestLoop(pi n an ci ml lt it) NestLoop(pi n an ci ml lt it t) Leading((((((((pi n) an) ci) ml) lt) it) t)) */
"['%u%', 'mini biography', 'references', 'f', 'm', '%Ross%', 'Anonymous']",1,median,38.496971130371094,48.14410209655762,0.529709,50,/*+  SeqScan(pi) IndexScan(n name_pkey) IndexScan(an person_id_aka_name) IndexScan(ci person_id_cast_info) IndexScan(ml linked_movie_id_movie_link) SeqScan(lt) IndexScan(it info_type_pkey) IndexScan(t title_pkey) NestLoop(pi n) NestLoop(pi n an) NestLoop(pi n an ci) NestLoop(pi n an ci ml) HashJoin(pi n an ci ml lt) NestLoop(pi n an ci ml lt it) NestLoop(pi n an ci ml lt it t) Leading((((((((pi n) an) ci) ml) lt) it) t)) */
"['%m%', 'mini biography', 'spin off from', 'm', 'f', '%David%', 'Anonymous']",1,median,42.349815368652344,42.01197624206543,0.51717836,50,/*+  SeqScan(pi) IndexScan(n name_pkey) IndexScan(an person_id_aka_name) IndexScan(ci person_id_cast_info) IndexScan(ml linked_movie_id_movie_link) SeqScan(lt) IndexScan(it info_type_pkey) IndexScan(t title_pkey) NestLoop(pi n) NestLoop(pi n an) NestLoop(pi n an ci) NestLoop(pi n an ci ml) HashJoin(pi n an ci ml lt) NestLoop(pi n an ci ml lt it) NestLoop(pi n an ci ml lt it t) Leading((((((((pi n) an) ci) ml) lt) it) t)) */
"['%M%', 'mini biography', 'referenced in', 'm', 'f', '%Tim%', 'Hup234!']",1,median,32.60231018066406,38.47694396972656,0.53530514,50,/*+  SeqScan(pi) IndexScan(n name_pkey) IndexScan(an person_id_aka_name) IndexScan(ci person_id_cast_info) IndexScan(ml linked_movie_id_movie_link) SeqScan(lt) IndexScan(it info_type_pkey) IndexScan(t title_pkey) NestLoop(pi n) NestLoop(pi n an) NestLoop(pi n an ci) NestLoop(pi n an ci ml) HashJoin(pi n an ci ml lt) NestLoop(pi n an ci ml lt it) NestLoop(pi n an ci ml lt it t) Leading((((((((pi n) an) ci) ml) lt) it) t)) */
"['%y%', 'mini biography', 'follows', 'm', 'f', '%J%', 'Anonymous']",1,median,41.411638259887695,46.86164855957031,0.52616364,50,/*+  SeqScan(pi) IndexScan(n name_pkey) IndexScan(an person_id_aka_name) IndexScan(ci person_id_cast_info) IndexScan(ml linked_movie_id_movie_link) SeqScan(lt) IndexScan(it info_type_pkey) IndexScan(t title_pkey) NestLoop(pi n) NestLoop(pi n an) NestLoop(pi n an ci) NestLoop(pi n an ci ml) HashJoin(pi n an ci ml lt) NestLoop(pi n an ci ml lt it) NestLoop(pi n an ci ml lt it t) Leading((((((((pi n) an) ci) ml) lt) it) t)) */
"['%T%', 'mini biography', 'spin off from', 'f', 'm', '%G%', 'Gary Brumburgh / gr-home@pacbell.net']",1,median,37.56976127624512,34.657955169677734,0.5189872,50,/*+  SeqScan(pi) IndexScan(n name_pkey) IndexScan(an person_id_aka_name) IndexScan(ci person_id_cast_info) IndexScan(ml linked_movie_id_movie_link) SeqScan(lt) IndexScan(it info_type_pkey) IndexScan(t title_pkey) NestLoop(pi n) NestLoop(pi n an) NestLoop(pi n an ci) NestLoop(pi n an ci ml) HashJoin(pi n an ci ml lt) NestLoop(pi n an ci ml lt it) NestLoop(pi n an ci ml lt it t) Leading((((((((pi n) an) ci) ml) lt) it) t)) */
"['%i%', 'mini biography', 'featured in', 'm', 'f', '%Bella%', 'Anonymous']",1,median,47.39785194396973,54.73065376281738,0.5306679,50,/*+  SeqScan(pi) IndexScan(n name_pkey) IndexScan(an person_id_aka_name) IndexScan(ci person_id_cast_info) IndexScan(ml linked_movie_id_movie_link) SeqScan(lt) IndexScan(it info_type_pkey) IndexScan(t title_pkey) NestLoop(pi n) NestLoop(pi n an) NestLoop(pi n an ci) NestLoop(pi n an ci ml) HashJoin(pi n an ci ml lt) NestLoop(pi n an ci ml lt it) NestLoop(pi n an ci ml lt it t) Leading((((((((pi n) an) ci) ml) lt) it) t)) */
"['%o%', 'mini biography', 'featured in', 'm', 'f', '%Griffin%', 'Gary Brumburgh / gr-home@pacbell.net']",1,median,32.12714195251465,36.36932373046875,0.53413266,50,/*+  SeqScan(pi) IndexScan(n name_pkey) IndexScan(an person_id_aka_name) IndexScan(ci person_id_cast_info) IndexScan(ml linked_movie_id_movie_link) SeqScan(lt) IndexScan(it info_type_pkey) IndexScan(t title_pkey) NestLoop(pi n) NestLoop(pi n an) NestLoop(pi n an ci) NestLoop(pi n an ci ml) HashJoin(pi n an ci ml lt) NestLoop(pi n an ci ml lt it) NestLoop(pi n an ci ml lt it t) Leading((((((((pi n) an) ci) ml) lt) it) t)) */
"['%W%', 'mini biography', 'references', 'f', 'm', '%Jay%', 'frankfob2@yahoo.com']",1,median,35.92801094055176,71.26379013061523,0.5252155,50,/*+  SeqScan(pi) IndexScan(n name_pkey) IndexScan(an person_id_aka_name) IndexScan(ci person_id_cast_info) IndexScan(ml linked_movie_id_movie_link) SeqScan(lt) IndexScan(it info_type_pkey) IndexScan(t title_pkey) NestLoop(pi n) NestLoop(pi n an) NestLoop(pi n an ci) NestLoop(pi n an ci ml) HashJoin(pi n an ci ml lt) NestLoop(pi n an ci ml lt it) NestLoop(pi n an ci ml lt it t) Leading((((((((pi n) an) ci) ml) lt) it) t)) */
"['%a%', 'mini biography', 'references', 'f', 'm', '%Carlos%', 'Anonymous']",1,median,37.87374496459961,43.12324523925781,0.53506213,50,/*+  SeqScan(pi) IndexScan(n name_pkey) IndexScan(an person_id_aka_name) IndexScan(ci person_id_cast_info) IndexScan(ml linked_movie_id_movie_link) SeqScan(lt) IndexScan(it info_type_pkey) IndexScan(t title_pkey) NestLoop(pi n) NestLoop(pi n an) NestLoop(pi n an ci) NestLoop(pi n an ci ml) HashJoin(pi n an ci ml lt) NestLoop(pi n an ci ml lt it) NestLoop(pi n an ci ml lt it t) Leading((((((((pi n) an) ci) ml) lt) it) t)) */
"['%M%', 'mini biography', 'referenced in', 'f', 'm', '%Joiner%', 'Anonymous']",1,median,38.44118118286133,38.31815719604492,0.53902,50,/*+  SeqScan(pi) IndexScan(n name_pkey) IndexScan(an person_id_aka_name) IndexScan(ci person_id_cast_info) IndexScan(ml linked_movie_id_movie_link) SeqScan(lt) IndexScan(it info_type_pkey) IndexScan(t title_pkey) NestLoop(pi n) NestLoop(pi n an) NestLoop(pi n an ci) NestLoop(pi n an ci ml) HashJoin(pi n an ci ml lt) NestLoop(pi n an ci ml lt it) NestLoop(pi n an ci ml lt it t) Leading((((((((pi n) an) ci) ml) lt) it) t)) */
"['%o%', 'mini biography', 'followed by', 'f', 'm', '%GarcÃ\xada%', 'Anonymous']",1,median,38.38014602661133,39.92104530334473,0.5405564,50,/*+  SeqScan(pi) IndexScan(n name_pkey) IndexScan(an person_id_aka_name) IndexScan(ci person_id_cast_info) IndexScan(ml linked_movie_id_movie_link) SeqScan(lt) IndexScan(it info_type_pkey) IndexScan(t title_pkey) NestLoop(pi n) NestLoop(pi n an) NestLoop(pi n an ci) NestLoop(pi n an ci ml) HashJoin(pi n an ci ml lt) NestLoop(pi n an ci ml lt it) NestLoop(pi n an ci ml lt it t) Leading((((((((pi n) an) ci) ml) lt) it) t)) */
"['%e%', 'mini biography', 'features', 'f', 'm', '%Michael%', 'Anonymous']",1,median,40.71927070617676,68.7093734741211,0.53097147,50,/*+  SeqScan(pi) IndexScan(n name_pkey) IndexScan(an person_id_aka_name) IndexScan(ci person_id_cast_info) IndexScan(ml linked_movie_id_movie_link) SeqScan(lt) IndexScan(it info_type_pkey) IndexScan(t title_pkey) NestLoop(pi n) NestLoop(pi n an) NestLoop(pi n an ci) NestLoop(pi n an ci ml) HashJoin(pi n an ci ml lt) NestLoop(pi n an ci ml lt it) NestLoop(pi n an ci ml lt it t) Leading((((((((pi n) an) ci) ml) lt) it) t)) */
"['%e%', 'mini biography', 'version of', 'f', 'm', '%Rosa%', 'anonymous']",1,median,36.64040565490723,35.42590141296387,0.5207886,50,/*+  SeqScan(pi) IndexScan(n name_pkey) IndexScan(an person_id_aka_name) IndexScan(ci person_id_cast_info) IndexScan(ml linked_movie_id_movie_link) SeqScan(lt) IndexScan(it info_type_pkey) IndexScan(t title_pkey) NestLoop(pi n) NestLoop(pi n an) NestLoop(pi n an ci) NestLoop(pi n an ci ml) HashJoin(pi n an ci ml lt) NestLoop(pi n an ci ml lt it) NestLoop(pi n an ci ml lt it t) Leading((((((((pi n) an) ci) ml) lt) it) t)) */
"['%l%', 'mini biography', 'spin off from', 'm', 'f', '%Martinho%', 'Anonymous']",1,median,46.52571678161621,48.02680015563965,0.525975,50,/*+  SeqScan(pi) IndexScan(n name_pkey) IndexScan(an person_id_aka_name) IndexScan(ci person_id_cast_info) IndexScan(ml linked_movie_id_movie_link) SeqScan(lt) IndexScan(it info_type_pkey) IndexScan(t title_pkey) NestLoop(pi n) NestLoop(pi n an) NestLoop(pi n an ci) NestLoop(pi n an ci ml) HashJoin(pi n an ci ml lt) NestLoop(pi n an ci ml lt it) NestLoop(pi n an ci ml lt it t) Leading((((((((pi n) an) ci) ml) lt) it) t)) */
"['%i%', 'mini biography', 'references', 'm', 'f', '%Paul%', 'Gary Brumburgh / gr-home@pacbell.net']",1,median,33.18142890930176,39.08824920654297,0.5318285,50,/*+  SeqScan(pi) IndexScan(n name_pkey) IndexScan(an person_id_aka_name) IndexScan(ci person_id_cast_info) IndexScan(ml linked_movie_id_movie_link) SeqScan(lt) IndexScan(it info_type_pkey) IndexScan(t title_pkey) NestLoop(pi n) NestLoop(pi n an) NestLoop(pi n an ci) NestLoop(pi n an ci ml) HashJoin(pi n an ci ml lt) NestLoop(pi n an ci ml lt it) NestLoop(pi n an ci ml lt it t) Leading((((((((pi n) an) ci) ml) lt) it) t)) */
"['%R%', 'mini biography', 'edited from', 'f', 'm', '%Schutz%', 'Tony Fontana <tony.fontana@spacebbs.com>']",1,median,29.85358238220215,47.188520431518555,0.54043406,50,/*+  SeqScan(pi) IndexScan(n name_pkey) IndexScan(an person_id_aka_name) IndexScan(ci person_id_cast_info) IndexScan(ml linked_movie_id_movie_link) SeqScan(lt) IndexScan(it info_type_pkey) IndexScan(t title_pkey) NestLoop(pi n) NestLoop(pi n an) NestLoop(pi n an ci) NestLoop(pi n an ci ml) HashJoin(pi n an ci ml lt) NestLoop(pi n an ci ml lt it) NestLoop(pi n an ci ml lt it t) Leading((((((((pi n) an) ci) ml) lt) it) t)) */
"['%i%', 'mini biography', 'references', 'f', 'm', '%Vanacore%', 'Gary Brumburgh / gr-home@pacbell.net']",1,median,32.37318992614746,39.56174850463867,0.5355411,50,/*+  SeqScan(pi) IndexScan(n name_pkey) IndexScan(an person_id_aka_name) IndexScan(ci person_id_cast_info) IndexScan(ml linked_movie_id_movie_link) SeqScan(lt) IndexScan(it info_type_pkey) IndexScan(t title_pkey) NestLoop(pi n) NestLoop(pi n an) NestLoop(pi n an ci) NestLoop(pi n an ci ml) HashJoin(pi n an ci ml lt) NestLoop(pi n an ci ml lt it) NestLoop(pi n an ci ml lt it t) Leading((((((((pi n) an) ci) ml) lt) it) t)) */
"['%a%', 'mini biography', 'version of', 'm', 'f', '%Darius%', 'Anonymous']",1,median,50.191640853881836,67.26813316345215,0.5199219,50,/*+  SeqScan(pi) IndexScan(n name_pkey) IndexScan(an person_id_aka_name) IndexScan(ci person_id_cast_info) IndexScan(ml linked_movie_id_movie_link) SeqScan(lt) IndexScan(it info_type_pkey) IndexScan(t title_pkey) NestLoop(pi n) NestLoop(pi n an) NestLoop(pi n an ci) NestLoop(pi n an ci ml) HashJoin(pi n an ci ml lt) NestLoop(pi n an ci ml lt it) NestLoop(pi n an ci ml lt it t) Leading((((((((pi n) an) ci) ml) lt) it) t)) */
"['%e%', 'mini biography', 'followed by', 'm', 'f', '%David%', 'Anonymous']",1,median,59.06319618225098,65.9022331237793,0.52090025,50,/*+  SeqScan(pi) IndexScan(n name_pkey) IndexScan(an person_id_aka_name) IndexScan(ci person_id_cast_info) IndexScan(ml linked_movie_id_movie_link) SeqScan(lt) IndexScan(it info_type_pkey) IndexScan(t title_pkey) NestLoop(pi n) NestLoop(pi n an) NestLoop(pi n an ci) NestLoop(pi n an ci ml) HashJoin(pi n an ci ml lt) NestLoop(pi n an ci ml lt it) NestLoop(pi n an ci ml lt it t) Leading((((((((pi n) an) ci) ml) lt) it) t)) */
"['%y%', 'mini biography', 'version of', 'f', 'm', '%Hallett%', 'anonymous']",1,median,34.41023826599121,38.42043876647949,0.54315716,50,/*+  SeqScan(pi) IndexScan(n name_pkey) IndexScan(an person_id_aka_name) IndexScan(ci person_id_cast_info) IndexScan(ml linked_movie_id_movie_link) SeqScan(lt) IndexScan(it info_type_pkey) IndexScan(t title_pkey) NestLoop(pi n) NestLoop(pi n an) NestLoop(pi n an ci) NestLoop(pi n an ci ml) HashJoin(pi n an ci ml lt) NestLoop(pi n an ci ml lt it) NestLoop(pi n an ci ml lt it t) Leading((((((((pi n) an) ci) ml) lt) it) t)) */
"['%l%', 'mini biography', 'version of', 'f', 'm', '%Williams%', 'Anonymous']",1,median,39.284467697143555,44.48509216308594,0.5452567,50,/*+  SeqScan(pi) IndexScan(n name_pkey) IndexScan(an person_id_aka_name) IndexScan(ci person_id_cast_info) IndexScan(ml linked_movie_id_movie_link) SeqScan(lt) IndexScan(it info_type_pkey) IndexScan(t title_pkey) NestLoop(pi n) NestLoop(pi n an) NestLoop(pi n an ci) NestLoop(pi n an ci ml) HashJoin(pi n an ci ml lt) NestLoop(pi n an ci ml lt it) NestLoop(pi n an ci ml lt it t) Leading((((((((pi n) an) ci) ml) lt) it) t)) */
"['%y%', 'mini biography', 'referenced in', 'm', 'f', '%a%', 'Anonymous']",1,median,42.9534912109375,40.88258743286133,0.53640836,50,/*+  SeqScan(pi) IndexScan(n name_pkey) IndexScan(an person_id_aka_name) IndexScan(ci person_id_cast_info) IndexScan(ml linked_movie_id_movie_link) SeqScan(lt) IndexScan(it info_type_pkey) IndexScan(t title_pkey) NestLoop(pi n) NestLoop(pi n an) NestLoop(pi n an ci) NestLoop(pi n an ci ml) HashJoin(pi n an ci ml lt) NestLoop(pi n an ci ml lt it) NestLoop(pi n an ci ml lt it t) Leading((((((((pi n) an) ci) ml) lt) it) t)) */
"['%s%', 'mini biography', 'features', 'f', 'm', '%David%', 'Anonymous']",1,median,40.15398025512695,71.94137573242188,0.5427374,50,/*+  SeqScan(pi) IndexScan(n name_pkey) IndexScan(an person_id_aka_name) IndexScan(ci person_id_cast_info) IndexScan(ml linked_movie_id_movie_link) SeqScan(lt) IndexScan(it info_type_pkey) IndexScan(t title_pkey) NestLoop(pi n) NestLoop(pi n an) NestLoop(pi n an ci) NestLoop(pi n an ci ml) HashJoin(pi n an ci ml lt) NestLoop(pi n an ci ml lt it) NestLoop(pi n an ci ml lt it t) Leading((((((((pi n) an) ci) ml) lt) it) t)) */
"['%Robert%', 'mini biography', 'features', 'm', 'f', '%Brian%', 'Anonymous']",1,median,41.939496994018555,36.86237335205078,0.5332041,50,/*+  SeqScan(pi) IndexScan(n name_pkey) IndexScan(an person_id_aka_name) IndexScan(ci person_id_cast_info) IndexScan(ml linked_movie_id_movie_link) SeqScan(lt) IndexScan(it info_type_pkey) IndexScan(t title_pkey) NestLoop(pi n) NestLoop(pi n an) NestLoop(pi n an ci) NestLoop(pi n an ci ml) HashJoin(pi n an ci ml lt) NestLoop(pi n an ci ml lt it) NestLoop(pi n an ci ml lt it t) Leading((((((((pi n) an) ci) ml) lt) it) t)) */
"['%l%', 'mini biography', 'remake of', 'f', 'm', '%Bob%', 'Anonymous']",1,median,36.246538162231445,43.385982513427734,0.5284656,50,/*+  SeqScan(pi) IndexScan(n name_pkey) IndexScan(an person_id_aka_name) IndexScan(ci person_id_cast_info) IndexScan(ml linked_movie_id_movie_link) SeqScan(lt) IndexScan(it info_type_pkey) IndexScan(t title_pkey) NestLoop(pi n) NestLoop(pi n an) NestLoop(pi n an ci) NestLoop(pi n an ci ml) HashJoin(pi n an ci ml lt) NestLoop(pi n an ci ml lt it) NestLoop(pi n an ci ml lt it t) Leading((((((((pi n) an) ci) ml) lt) it) t)) */
"['%y%', 'mini biography', 'version of', 'f', 'm', '%David%', 'Anonymous']",1,median,39.510488510131836,40.9703254699707,0.54321885,50,/*+  SeqScan(pi) IndexScan(n name_pkey) IndexScan(an person_id_aka_name) IndexScan(ci person_id_cast_info) IndexScan(ml linked_movie_id_movie_link) SeqScan(lt) IndexScan(it info_type_pkey) IndexScan(t title_pkey) NestLoop(pi n) NestLoop(pi n an) NestLoop(pi n an ci) NestLoop(pi n an ci ml) HashJoin(pi n an ci ml lt) NestLoop(pi n an ci ml lt it) NestLoop(pi n an ci ml lt it t) Leading((((((((pi n) an) ci) ml) lt) it) t)) */
"['%b%', 'mini biography', 'featured in', 'm', 'f', '%Griffin%', 'frankfob2@yahoo.com']",1,median,35.68720817565918,40.212392807006836,0.52117866,50,/*+  SeqScan(pi) IndexScan(n name_pkey) IndexScan(an person_id_aka_name) IndexScan(ci person_id_cast_info) IndexScan(ml linked_movie_id_movie_link) SeqScan(lt) IndexScan(it info_type_pkey) IndexScan(t title_pkey) NestLoop(pi n) NestLoop(pi n an) NestLoop(pi n an ci) NestLoop(pi n an ci ml) HashJoin(pi n an ci ml lt) NestLoop(pi n an ci ml lt it) NestLoop(pi n an ci ml lt it t) Leading((((((((pi n) an) ci) ml) lt) it) t)) */
"['%o%', 'mini biography', 'features', 'f', 'm', '%Stephen%', 'Anonymous']",1,median,36.99350357055664,43.36047172546387,0.5496396,50,/*+  SeqScan(pi) IndexScan(n name_pkey) IndexScan(an person_id_aka_name) IndexScan(ci person_id_cast_info) IndexScan(ml linked_movie_id_movie_link) SeqScan(lt) IndexScan(it info_type_pkey) IndexScan(t title_pkey) NestLoop(pi n) NestLoop(pi n an) NestLoop(pi n an ci) NestLoop(pi n an ci ml) HashJoin(pi n an ci ml lt) NestLoop(pi n an ci ml lt it) NestLoop(pi n an ci ml lt it t) Leading((((((((pi n) an) ci) ml) lt) it) t)) */
"['%y%', 'mini biography', 'follows', 'm', 'f', '%David%', 'Anonymous']",1,median,44.333696365356445,45.87388038635254,0.53586864,50,/*+  SeqScan(pi) IndexScan(n name_pkey) IndexScan(an person_id_aka_name) IndexScan(ci person_id_cast_info) IndexScan(ml linked_movie_id_movie_link) SeqScan(lt) IndexScan(it info_type_pkey) IndexScan(t title_pkey) NestLoop(pi n) NestLoop(pi n an) NestLoop(pi n an ci) NestLoop(pi n an ci ml) HashJoin(pi n an ci ml lt) NestLoop(pi n an ci ml lt it) NestLoop(pi n an ci ml lt it t) Leading((((((((pi n) an) ci) ml) lt) it) t)) */
"['%v%', 'mini biography', 'referenced in', 'm', 'f', '%x%', 'Sarah']",1,median,31.684160232543945,37.55021095275879,0.5187846,50,/*+  SeqScan(pi) IndexScan(n name_pkey) IndexScan(an person_id_aka_name) IndexScan(ci person_id_cast_info) IndexScan(ml linked_movie_id_movie_link) SeqScan(lt) IndexScan(it info_type_pkey) IndexScan(t title_pkey) NestLoop(pi n) NestLoop(pi n an) NestLoop(pi n an ci) NestLoop(pi n an ci ml) HashJoin(pi n an ci ml lt) NestLoop(pi n an ci ml lt it) NestLoop(pi n an ci ml lt it t) Leading((((((((pi n) an) ci) ml) lt) it) t)) */
"['%s%', 'mini biography', 'spin off from', 'f', 'm', '%Barker%', 'woodyanders']",1,median,40.90738296508789,47.84870147705078,0.5394153,50,/*+  SeqScan(pi) IndexScan(n name_pkey) IndexScan(an person_id_aka_name) IndexScan(ci person_id_cast_info) IndexScan(ml linked_movie_id_movie_link) SeqScan(lt) IndexScan(it info_type_pkey) IndexScan(t title_pkey) NestLoop(pi n) NestLoop(pi n an) NestLoop(pi n an ci) NestLoop(pi n an ci ml) HashJoin(pi n an ci ml lt) NestLoop(pi n an ci ml lt it) NestLoop(pi n an ci ml lt it t) Leading((((((((pi n) an) ci) ml) lt) it) t)) */
"['%o%', 'mini biography', 'features', 'm', 'f', '%Smith%', 'frankfob2@yahoo.com']",1,median,35.562753677368164,37.0028018951416,0.5326222,50,/*+  SeqScan(pi) IndexScan(n name_pkey) IndexScan(an person_id_aka_name) IndexScan(ci person_id_cast_info) IndexScan(ml linked_movie_id_movie_link) SeqScan(lt) IndexScan(it info_type_pkey) IndexScan(t title_pkey) NestLoop(pi n) NestLoop(pi n an) NestLoop(pi n an ci) NestLoop(pi n an ci ml) HashJoin(pi n an ci ml lt) NestLoop(pi n an ci ml lt it) NestLoop(pi n an ci ml lt it t) Leading((((((((pi n) an) ci) ml) lt) it) t)) */
"['%s%', 'mini biography', 'version of', 'm', 'f', '%Ã\x81lvarez%', 'Anonymous']",1,median,46.80156707763672,43.87664794921875,0.52830476,50,/*+  SeqScan(pi) IndexScan(n name_pkey) IndexScan(an person_id_aka_name) IndexScan(ci person_id_cast_info) IndexScan(ml linked_movie_id_movie_link) SeqScan(lt) IndexScan(it info_type_pkey) IndexScan(t title_pkey) NestLoop(pi n) NestLoop(pi n an) NestLoop(pi n an ci) NestLoop(pi n an ci ml) HashJoin(pi n an ci ml lt) NestLoop(pi n an ci ml lt it) NestLoop(pi n an ci ml lt it t) Leading((((((((pi n) an) ci) ml) lt) it) t)) */
"['%i%', 'mini biography', 'features', 'f', 'm', '%Moomjean%', 'anonymous']",1,median,35.663604736328125,42.95086860656738,0.5457731,50,/*+  SeqScan(pi) IndexScan(n name_pkey) IndexScan(an person_id_aka_name) IndexScan(ci person_id_cast_info) IndexScan(ml linked_movie_id_movie_link) SeqScan(lt) IndexScan(it info_type_pkey) IndexScan(t title_pkey) NestLoop(pi n) NestLoop(pi n an) NestLoop(pi n an ci) NestLoop(pi n an ci ml) HashJoin(pi n an ci ml lt) NestLoop(pi n an ci ml lt it) NestLoop(pi n an ci ml lt it t) Leading((((((((pi n) an) ci) ml) lt) it) t)) */
"['%o%', 'mini biography', 'features', 'f', 'm', '%David%', 'Anonymous']",1,median,40.92574119567871,71.82812690734863,0.5550988,50,/*+  SeqScan(pi) IndexScan(n name_pkey) IndexScan(an person_id_aka_name) IndexScan(ci person_id_cast_info) IndexScan(ml linked_movie_id_movie_link) SeqScan(lt) IndexScan(it info_type_pkey) IndexScan(t title_pkey) NestLoop(pi n) NestLoop(pi n an) NestLoop(pi n an ci) NestLoop(pi n an ci ml) HashJoin(pi n an ci ml lt) NestLoop(pi n an ci ml lt it) NestLoop(pi n an ci ml lt it t) Leading((((((((pi n) an) ci) ml) lt) it) t)) */
"['%s%', 'mini biography', 'version of', 'f', 'm', '%David%', 'Anonymous']",1,median,39.73221778869629,41.015625,0.54061574,50,/*+  SeqScan(pi) IndexScan(n name_pkey) IndexScan(an person_id_aka_name) IndexScan(ci person_id_cast_info) IndexScan(ml linked_movie_id_movie_link) SeqScan(lt) IndexScan(it info_type_pkey) IndexScan(t title_pkey) NestLoop(pi n) NestLoop(pi n an) NestLoop(pi n an ci) NestLoop(pi n an ci ml) HashJoin(pi n an ci ml lt) NestLoop(pi n an ci ml lt it) NestLoop(pi n an ci ml lt it t) Leading((((((((pi n) an) ci) ml) lt) it) t)) */
"['%x%', 'mini biography', 'featured in', 'm', 'f', '%Aaron%', 'anonymous']",1,median,34.07764434814453,38.999080657958984,0.5248319,50,/*+  SeqScan(pi) IndexScan(n name_pkey) IndexScan(an person_id_aka_name) IndexScan(ci person_id_cast_info) IndexScan(ml linked_movie_id_movie_link) SeqScan(lt) IndexScan(it info_type_pkey) IndexScan(t title_pkey) NestLoop(pi n) NestLoop(pi n an) NestLoop(pi n an ci) NestLoop(pi n an ci ml) HashJoin(pi n an ci ml lt) NestLoop(pi n an ci ml lt it) NestLoop(pi n an ci ml lt it t) Leading((((((((pi n) an) ci) ml) lt) it) t)) */
"['%i%', 'mini biography', 'version of', 'f', 'm', '%a%', 'Gary Brumburgh / gr-home@pacbell.net']",1,median,35.875797271728516,46.44441604614258,0.5389139,50,/*+  SeqScan(pi) IndexScan(n name_pkey) IndexScan(an person_id_aka_name) IndexScan(ci person_id_cast_info) IndexScan(ml linked_movie_id_movie_link) SeqScan(lt) IndexScan(it info_type_pkey) IndexScan(t title_pkey) NestLoop(pi n) NestLoop(pi n an) NestLoop(pi n an ci) NestLoop(pi n an ci ml) HashJoin(pi n an ci ml lt) NestLoop(pi n an ci ml lt it) NestLoop(pi n an ci ml lt it t) Leading((((((((pi n) an) ci) ml) lt) it) t)) */
"['%m%', 'mini biography', 'referenced in', 'm', 'f', '%Frank%', 'Anonymous']",1,median,44.428348541259766,49.535512924194336,0.52831054,50,/*+  SeqScan(pi) IndexScan(n name_pkey) IndexScan(an person_id_aka_name) IndexScan(ci person_id_cast_info) IndexScan(ml linked_movie_id_movie_link) SeqScan(lt) IndexScan(it info_type_pkey) IndexScan(t title_pkey) NestLoop(pi n) NestLoop(pi n an) NestLoop(pi n an ci) NestLoop(pi n an ci ml) HashJoin(pi n an ci ml lt) NestLoop(pi n an ci ml lt it) NestLoop(pi n an ci ml lt it t) Leading((((((((pi n) an) ci) ml) lt) it) t)) */
"['%The%', 'mini biography', 'featured in', 'f', 'm', '%Jones%', 'frankfob2@yahoo.com']",1,median,31.598567962646484,33.11610221862793,0.5319538,50,/*+  SeqScan(pi) IndexScan(n name_pkey) IndexScan(an person_id_aka_name) IndexScan(ci person_id_cast_info) IndexScan(ml linked_movie_id_movie_link) SeqScan(lt) IndexScan(it info_type_pkey) IndexScan(t title_pkey) NestLoop(pi n) NestLoop(pi n an) NestLoop(pi n an ci) NestLoop(pi n an ci ml) HashJoin(pi n an ci ml lt) NestLoop(pi n an ci ml lt it) NestLoop(pi n an ci ml lt it t) Leading((((((((pi n) an) ci) ml) lt) it) t)) */
"['%J%', 'mini biography', 'referenced in', 'f', 'm', '%Joiner%', 'Steve Shelokhonov']",1,median,31.76736831665039,41.396379470825195,0.5408463,50,/*+  SeqScan(pi) IndexScan(n name_pkey) IndexScan(an person_id_aka_name) IndexScan(ci person_id_cast_info) IndexScan(ml linked_movie_id_movie_link) SeqScan(lt) IndexScan(it info_type_pkey) IndexScan(t title_pkey) NestLoop(pi n) NestLoop(pi n an) NestLoop(pi n an ci) NestLoop(pi n an ci ml) HashJoin(pi n an ci ml lt) NestLoop(pi n an ci ml lt it) NestLoop(pi n an ci ml lt it t) Leading((((((((pi n) an) ci) ml) lt) it) t)) */
"['%D%', 'mini biography', 'features', 'm', 'f', '%Jim%', 'Anonymous']",1,median,39.26420211791992,69.4882869720459,0.52689976,50,/*+  SeqScan(pi) IndexScan(n name_pkey) IndexScan(an person_id_aka_name) IndexScan(ci person_id_cast_info) IndexScan(ml linked_movie_id_movie_link) SeqScan(lt) IndexScan(it info_type_pkey) IndexScan(t title_pkey) NestLoop(pi n) NestLoop(pi n an) NestLoop(pi n an ci) NestLoop(pi n an ci ml) HashJoin(pi n an ci ml lt) NestLoop(pi n an ci ml lt it) NestLoop(pi n an ci ml lt it t) Leading((((((((pi n) an) ci) ml) lt) it) t)) */
"['%J%', 'mini biography', 'features', 'f', 'm', '%Griffin%', 'Anonymous']",1,median,38.15865516662598,35.215139389038086,0.5395266,50,/*+  SeqScan(pi) IndexScan(n name_pkey) IndexScan(an person_id_aka_name) IndexScan(ci person_id_cast_info) IndexScan(ml linked_movie_id_movie_link) SeqScan(lt) IndexScan(it info_type_pkey) IndexScan(t title_pkey) NestLoop(pi n) NestLoop(pi n an) NestLoop(pi n an ci) NestLoop(pi n an ci ml) HashJoin(pi n an ci ml lt) NestLoop(pi n an ci ml lt it) NestLoop(pi n an ci ml lt it t) Leading((((((((pi n) an) ci) ml) lt) it) t)) */
"['%m%', 'mini biography', 'references', 'm', 'f', '%Clinton%', 'woodyanders']",1,median,39.821624755859375,82.90672302246094,0.54398525,50,/*+  SeqScan(pi) IndexScan(n name_pkey) IndexScan(an person_id_aka_name) IndexScan(ci person_id_cast_info) IndexScan(ml linked_movie_id_movie_link) SeqScan(lt) IndexScan(it info_type_pkey) IndexScan(t title_pkey) NestLoop(pi n) NestLoop(pi n an) NestLoop(pi n an ci) NestLoop(pi n an ci ml) HashJoin(pi n an ci ml lt) NestLoop(pi n an ci ml lt it) NestLoop(pi n an ci ml lt it t) Leading((((((((pi n) an) ci) ml) lt) it) t)) */
"['%The%', 'mini biography', 'version of', 'm', 'f', '%Peter%', 'Anonymous']",1,median,40.708065032958984,32.82928466796875,0.52681637,50,/*+  SeqScan(pi) IndexScan(n name_pkey) IndexScan(an person_id_aka_name) IndexScan(ci person_id_cast_info) IndexScan(ml linked_movie_id_movie_link) SeqScan(lt) IndexScan(it info_type_pkey) IndexScan(t title_pkey) NestLoop(pi n) NestLoop(pi n an) NestLoop(pi n an ci) NestLoop(pi n an ci ml) HashJoin(pi n an ci ml lt) NestLoop(pi n an ci ml lt it) NestLoop(pi n an ci ml lt it t) Leading((((((((pi n) an) ci) ml) lt) it) t)) */
"['%Bennett%', 'mini biography', 'features', 'f', 'm', '%r%', 'Anonymous']",1,median,39.237022399902344,32.86314010620117,0.53097147,50,/*+  SeqScan(pi) IndexScan(n name_pkey) IndexScan(an person_id_aka_name) IndexScan(ci person_id_cast_info) IndexScan(ml linked_movie_id_movie_link) SeqScan(lt) IndexScan(it info_type_pkey) IndexScan(t title_pkey) NestLoop(pi n) NestLoop(pi n an) NestLoop(pi n an ci) NestLoop(pi n an ci ml) HashJoin(pi n an ci ml lt) NestLoop(pi n an ci ml lt it) NestLoop(pi n an ci ml lt it t) Leading((((((((pi n) an) ci) ml) lt) it) t)) */
"['%A%', 'mini biography', 'version of', 'f', 'm', '%Matt%', 'Anonymous']",1,median,34.75069999694824,36.10110282897949,0.5409434,50,/*+  SeqScan(pi) IndexScan(n name_pkey) IndexScan(an person_id_aka_name) IndexScan(ci person_id_cast_info) IndexScan(ml linked_movie_id_movie_link) SeqScan(lt) IndexScan(it info_type_pkey) IndexScan(t title_pkey) NestLoop(pi n) NestLoop(pi n an) NestLoop(pi n an ci) NestLoop(pi n an ci ml) HashJoin(pi n an ci ml lt) NestLoop(pi n an ci ml lt it) NestLoop(pi n an ci ml lt it t) Leading((((((((pi n) an) ci) ml) lt) it) t)) */
"['%l%', 'mini biography', 'featured in', 'm', 'f', '%G%', 'Anonymous']",1,median,44.01969909667969,49.52049255371094,0.5430715,50,/*+  SeqScan(pi) IndexScan(n name_pkey) IndexScan(an person_id_aka_name) IndexScan(ci person_id_cast_info) IndexScan(ml linked_movie_id_movie_link) SeqScan(lt) IndexScan(it info_type_pkey) IndexScan(t title_pkey) NestLoop(pi n) NestLoop(pi n an) NestLoop(pi n an ci) NestLoop(pi n an ci ml) HashJoin(pi n an ci ml lt) NestLoop(pi n an ci ml lt it) NestLoop(pi n an ci ml lt it t) Leading((((((((pi n) an) ci) ml) lt) it) t)) */
"['%a%', 'mini biography', 'featured in', 'f', 'm', '%Matthew%', 'Anonymous']",1,median,41.62931442260742,42.475223541259766,0.53136975,50,/*+  SeqScan(pi) IndexScan(n name_pkey) IndexScan(an person_id_aka_name) IndexScan(ci person_id_cast_info) IndexScan(ml linked_movie_id_movie_link) SeqScan(lt) IndexScan(it info_type_pkey) IndexScan(t title_pkey) NestLoop(pi n) NestLoop(pi n an) NestLoop(pi n an ci) NestLoop(pi n an ci ml) HashJoin(pi n an ci ml lt) NestLoop(pi n an ci ml lt it) NestLoop(pi n an ci ml lt it t) Leading((((((((pi n) an) ci) ml) lt) it) t)) */
"['%y%', 'mini biography', 'follows', 'f', 'm', '%Chiara%', 'Anonymous']",1,median,38.96069526672363,32.113075256347656,0.53534395,50,/*+  SeqScan(pi) IndexScan(n name_pkey) IndexScan(an person_id_aka_name) IndexScan(ci person_id_cast_info) IndexScan(ml linked_movie_id_movie_link) SeqScan(lt) IndexScan(it info_type_pkey) IndexScan(t title_pkey) NestLoop(pi n) NestLoop(pi n an) NestLoop(pi n an ci) NestLoop(pi n an ci ml) HashJoin(pi n an ci ml lt) NestLoop(pi n an ci ml lt it) NestLoop(pi n an ci ml lt it t) Leading((((((((pi n) an) ci) ml) lt) it) t)) */
"['%e%', 'mini biography', 'edited from', 'm', 'f', '%Small%', 'Anonymous']",1,median,48.543691635131836,73.55690002441406,0.52085286,50,/*+  SeqScan(pi) IndexScan(n name_pkey) IndexScan(an person_id_aka_name) IndexScan(ci person_id_cast_info) IndexScan(ml linked_movie_id_movie_link) SeqScan(lt) IndexScan(it info_type_pkey) IndexScan(t title_pkey) NestLoop(pi n) NestLoop(pi n an) NestLoop(pi n an ci) NestLoop(pi n an ci ml) HashJoin(pi n an ci ml lt) NestLoop(pi n an ci ml lt it) NestLoop(pi n an ci ml lt it t) Leading((((((((pi n) an) ci) ml) lt) it) t)) */
"['%e%', 'mini biography', 'version of', 'm', 'f', '%Kennedy%', 'Anonymous']",1,median,50.61531066894531,60.5618953704834,0.52681637,50,/*+  SeqScan(pi) IndexScan(n name_pkey) IndexScan(an person_id_aka_name) IndexScan(ci person_id_cast_info) IndexScan(ml linked_movie_id_movie_link) SeqScan(lt) IndexScan(it info_type_pkey) IndexScan(t title_pkey) NestLoop(pi n) NestLoop(pi n an) NestLoop(pi n an ci) NestLoop(pi n an ci ml) HashJoin(pi n an ci ml lt) NestLoop(pi n an ci ml lt it) NestLoop(pi n an ci ml lt it t) Leading((((((((pi n) an) ci) ml) lt) it) t)) */
"['%H%', 'mini biography', 'referenced in', 'm', 'f', '%k%', 'Jon C. Hopwood']",1,median,34.41333770751953,32.27591514587402,0.5172183,50,/*+  SeqScan(pi) IndexScan(n name_pkey) IndexScan(an person_id_aka_name) IndexScan(ci person_id_cast_info) IndexScan(ml linked_movie_id_movie_link) SeqScan(lt) IndexScan(it info_type_pkey) IndexScan(t title_pkey) NestLoop(pi n) NestLoop(pi n an) NestLoop(pi n an ci) NestLoop(pi n an ci ml) HashJoin(pi n an ci ml lt) NestLoop(pi n an ci ml lt it) NestLoop(pi n an ci ml lt it t) Leading((((((((pi n) an) ci) ml) lt) it) t)) */
"['%y%', 'mini biography', 'followed by', 'm', 'f', '%Morgan%', 'anonymous']",1,median,34.73711013793945,29.575586318969727,0.53571254,50,/*+  SeqScan(pi) IndexScan(n name_pkey) IndexScan(an person_id_aka_name) IndexScan(ci person_id_cast_info) IndexScan(ml linked_movie_id_movie_link) SeqScan(lt) IndexScan(it info_type_pkey) IndexScan(t title_pkey) NestLoop(pi n) NestLoop(pi n an) NestLoop(pi n an ci) NestLoop(pi n an ci ml) HashJoin(pi n an ci ml lt) NestLoop(pi n an ci ml lt it) NestLoop(pi n an ci ml lt it t) Leading((((((((pi n) an) ci) ml) lt) it) t)) */
"['%M%', 'mini biography', 'features', 'm', 'f', '%Ngo%', 'woodyanders']",1,median,33.48517417907715,64.1181468963623,0.52452713,50,/*+  SeqScan(pi) IndexScan(n name_pkey) IndexScan(an person_id_aka_name) IndexScan(ci person_id_cast_info) IndexScan(ml linked_movie_id_movie_link) SeqScan(lt) IndexScan(it info_type_pkey) IndexScan(t title_pkey) NestLoop(pi n) NestLoop(pi n an) NestLoop(pi n an ci) NestLoop(pi n an ci ml) HashJoin(pi n an ci ml lt) NestLoop(pi n an ci ml lt it) NestLoop(pi n an ci ml lt it t) Leading((((((((pi n) an) ci) ml) lt) it) t)) */
"['%J%', 'mini biography', 'references', 'f', 'm', '%Brown%', 'Anonymous']",1,median,39.93701934814453,79.92339134216309,0.5421061,50,/*+  SeqScan(pi) IndexScan(n name_pkey) IndexScan(an person_id_aka_name) IndexScan(ci person_id_cast_info) IndexScan(ml linked_movie_id_movie_link) SeqScan(lt) IndexScan(it info_type_pkey) IndexScan(t title_pkey) NestLoop(pi n) NestLoop(pi n an) NestLoop(pi n an ci) NestLoop(pi n an ci ml) HashJoin(pi n an ci ml lt) NestLoop(pi n an ci ml lt it) NestLoop(pi n an ci ml lt it t) Leading((((((((pi n) an) ci) ml) lt) it) t)) */
"['%i%', 'mini biography', 'spoofed in', 'm', 'f', '%Ari%', 'Anonymous']",1,median,44.71302032470703,48.758745193481445,0.5200635,50,/*+  SeqScan(pi) IndexScan(n name_pkey) IndexScan(an person_id_aka_name) IndexScan(ci person_id_cast_info) IndexScan(ml linked_movie_id_movie_link) SeqScan(lt) IndexScan(it info_type_pkey) IndexScan(t title_pkey) NestLoop(pi n) NestLoop(pi n an) NestLoop(pi n an ci) NestLoop(pi n an ci ml) HashJoin(pi n an ci ml lt) NestLoop(pi n an ci ml lt it) NestLoop(pi n an ci ml lt it t) Leading((((((((pi n) an) ci) ml) lt) it) t)) */
"['%o%', 'mini biography', 'featured in', 'f', 'm', '%Gene%', 'Anonymous']",1,median,37.26482391357422,36.18741035461426,0.5453682,50,/*+  SeqScan(pi) IndexScan(n name_pkey) IndexScan(an person_id_aka_name) IndexScan(ci person_id_cast_info) IndexScan(ml linked_movie_id_movie_link) SeqScan(lt) IndexScan(it info_type_pkey) IndexScan(t title_pkey) NestLoop(pi n) NestLoop(pi n an) NestLoop(pi n an ci) NestLoop(pi n an ci ml) HashJoin(pi n an ci ml lt) NestLoop(pi n an ci ml lt it) NestLoop(pi n an ci ml lt it t) Leading((((((((pi n) an) ci) ml) lt) it) t)) */
"['%B%', 'mini biography', 'followed by', 'm', 'f', '%Helen%', 'anonymous']",1,median,34.75165367126465,33.29205513000488,0.5261334,50,/*+  SeqScan(pi) IndexScan(n name_pkey) IndexScan(an person_id_aka_name) IndexScan(ci person_id_cast_info) IndexScan(ml linked_movie_id_movie_link) SeqScan(lt) IndexScan(it info_type_pkey) IndexScan(t title_pkey) NestLoop(pi n) NestLoop(pi n an) NestLoop(pi n an ci) NestLoop(pi n an ci ml) HashJoin(pi n an ci ml lt) NestLoop(pi n an ci ml lt it) NestLoop(pi n an ci ml lt it t) Leading((((((((pi n) an) ci) ml) lt) it) t)) */
"['%Grant%', 'mini biography', 'references', 'f', 'm', '%Adam%', 'Anonymous']",1,median,34.0876579284668,30.347108840942383,0.529709,50,/*+  SeqScan(pi) IndexScan(n name_pkey) IndexScan(an person_id_aka_name) IndexScan(ci person_id_cast_info) IndexScan(ml linked_movie_id_movie_link) SeqScan(lt) IndexScan(it info_type_pkey) IndexScan(t title_pkey) NestLoop(pi n) NestLoop(pi n an) NestLoop(pi n an ci) NestLoop(pi n an ci ml) HashJoin(pi n an ci ml lt) NestLoop(pi n an ci ml lt it) NestLoop(pi n an ci ml lt it t) Leading((((((((pi n) an) ci) ml) lt) it) t)) */
"['%A%', 'mini biography', 'references', 'm', 'f', '%Martin%', 'woodyanders']",1,median,35.16721725463867,70.45269012451172,0.5313272,50,/*+  SeqScan(pi) IndexScan(n name_pkey) IndexScan(an person_id_aka_name) IndexScan(ci person_id_cast_info) IndexScan(ml linked_movie_id_movie_link) SeqScan(lt) IndexScan(it info_type_pkey) IndexScan(t title_pkey) NestLoop(pi n) NestLoop(pi n an) NestLoop(pi n an ci) NestLoop(pi n an ci ml) HashJoin(pi n an ci ml lt) NestLoop(pi n an ci ml lt it) NestLoop(pi n an ci ml lt it t) Leading((((((((pi n) an) ci) ml) lt) it) t)) */
"['%S%', 'mini biography', 'edited from', 'f', 'm', '%Levitan%', 'frankfob2@yahoo.com']",1,median,29.105663299560547,30.98130226135254,0.53034073,50,/*+  SeqScan(pi) IndexScan(n name_pkey) IndexScan(an person_id_aka_name) IndexScan(ci person_id_cast_info) IndexScan(ml linked_movie_id_movie_link) SeqScan(lt) IndexScan(it info_type_pkey) IndexScan(t title_pkey) NestLoop(pi n) NestLoop(pi n an) NestLoop(pi n an ci) NestLoop(pi n an ci ml) HashJoin(pi n an ci ml lt) NestLoop(pi n an ci ml lt it) NestLoop(pi n an ci ml lt it t) Leading((((((((pi n) an) ci) ml) lt) it) t)) */
"['%i%', 'mini biography', 'follows', 'm', 'f', '%Leno%', 'anonymous']",1,median,34.76905822753906,44.54636573791504,0.5299285,50,/*+  SeqScan(pi) IndexScan(n name_pkey) IndexScan(an person_id_aka_name) IndexScan(ci person_id_cast_info) IndexScan(ml linked_movie_id_movie_link) SeqScan(lt) IndexScan(it info_type_pkey) IndexScan(t title_pkey) NestLoop(pi n) NestLoop(pi n an) NestLoop(pi n an ci) NestLoop(pi n an ci ml) HashJoin(pi n an ci ml lt) NestLoop(pi n an ci ml lt it) NestLoop(pi n an ci ml lt it t) Leading((((((((pi n) an) ci) ml) lt) it) t)) */
"['%e%', 'mini biography', 'referenced in', 'm', 'f', '%Sandra%', 'Anonymous']",1,median,47.47319221496582,66.18499755859375,0.5258424,50,/*+  SeqScan(pi) IndexScan(n name_pkey) IndexScan(an person_id_aka_name) IndexScan(ci person_id_cast_info) IndexScan(ml linked_movie_id_movie_link) SeqScan(lt) IndexScan(it info_type_pkey) IndexScan(t title_pkey) NestLoop(pi n) NestLoop(pi n an) NestLoop(pi n an ci) NestLoop(pi n an ci ml) HashJoin(pi n an ci ml lt) NestLoop(pi n an ci ml lt it) NestLoop(pi n an ci ml lt it t) Leading((((((((pi n) an) ci) ml) lt) it) t)) */
"['%s%', 'mini biography', 'remade as', 'm', 'f', '%a%', 'Anonymous']",1,median,43.634653091430664,41.35775566101074,0.5307638,50,/*+  SeqScan(pi) IndexScan(n name_pkey) IndexScan(an person_id_aka_name) IndexScan(ci person_id_cast_info) IndexScan(ml linked_movie_id_movie_link) SeqScan(lt) IndexScan(it info_type_pkey) IndexScan(t title_pkey) NestLoop(pi n) NestLoop(pi n an) NestLoop(pi n an ci) NestLoop(pi n an ci ml) HashJoin(pi n an ci ml lt) NestLoop(pi n an ci ml lt it) NestLoop(pi n an ci ml lt it t) Leading((((((((pi n) an) ci) ml) lt) it) t)) */
"['%J%', 'mini biography', 'featured in', 'f', 'm', '%Michael%', 'Anonymous']",1,median,33.826351165771484,50.086259841918945,0.53714114,50,/*+  SeqScan(pi) IndexScan(n name_pkey) IndexScan(an person_id_aka_name) IndexScan(ci person_id_cast_info) IndexScan(ml linked_movie_id_movie_link) SeqScan(lt) IndexScan(it info_type_pkey) IndexScan(t title_pkey) NestLoop(pi n) NestLoop(pi n an) NestLoop(pi n an ci) NestLoop(pi n an ci ml) HashJoin(pi n an ci ml lt) NestLoop(pi n an ci ml lt it) NestLoop(pi n an ci ml lt it t) Leading((((((((pi n) an) ci) ml) lt) it) t)) */
"['%i%', 'mini biography', 'followed by', 'f', 'm', '%Lane%', 'Anonymous']",1,median,38.5587215423584,32.439470291137695,0.5380549,50,/*+  SeqScan(pi) IndexScan(n name_pkey) IndexScan(an person_id_aka_name) IndexScan(ci person_id_cast_info) IndexScan(ml linked_movie_id_movie_link) SeqScan(lt) IndexScan(it info_type_pkey) IndexScan(t title_pkey) NestLoop(pi n) NestLoop(pi n an) NestLoop(pi n an ci) NestLoop(pi n an ci ml) HashJoin(pi n an ci ml lt) NestLoop(pi n an ci ml lt it) NestLoop(pi n an ci ml lt it t) Leading((((((((pi n) an) ci) ml) lt) it) t)) */
"['%Diamond%', 'mini biography', 'references', 'm', 'f', '%Jon%', 'Anonymous']",1,median,40.30895233154297,29.288291931152344,0.5326284,50,/*+  SeqScan(pi) IndexScan(n name_pkey) IndexScan(an person_id_aka_name) IndexScan(ci person_id_cast_info) IndexScan(ml linked_movie_id_movie_link) SeqScan(lt) IndexScan(it info_type_pkey) IndexScan(t title_pkey) NestLoop(pi n) NestLoop(pi n an) NestLoop(pi n an ci) NestLoop(pi n an ci ml) HashJoin(pi n an ci ml lt) NestLoop(pi n an ci ml lt it) NestLoop(pi n an ci ml lt it t) Leading((((((((pi n) an) ci) ml) lt) it) t)) */
"['%m%', 'mini biography', 'version of', 'm', 'f', '%Presnell%', 'frankfob2@yahoo.com']",1,median,32.00936317443848,30.492782592773438,0.5358518,50,/*+  SeqScan(pi) IndexScan(n name_pkey) IndexScan(an person_id_aka_name) IndexScan(ci person_id_cast_info) IndexScan(ml linked_movie_id_movie_link) SeqScan(lt) IndexScan(it info_type_pkey) IndexScan(t title_pkey) NestLoop(pi n) NestLoop(pi n an) NestLoop(pi n an ci) NestLoop(pi n an ci ml) HashJoin(pi n an ci ml lt) NestLoop(pi n an ci ml lt it) NestLoop(pi n an ci ml lt it t) Leading((((((((pi n) an) ci) ml) lt) it) t)) */
"['%m%', 'mini biography', 'referenced in', 'm', 'f', '%Benson%', 'anonymous']",1,median,36.776065826416016,41.29672050476074,0.5138322,50,/*+  SeqScan(pi) IndexScan(n name_pkey) IndexScan(an person_id_aka_name) IndexScan(ci person_id_cast_info) IndexScan(ml linked_movie_id_movie_link) SeqScan(lt) IndexScan(it info_type_pkey) IndexScan(t title_pkey) NestLoop(pi n) NestLoop(pi n an) NestLoop(pi n an ci) NestLoop(pi n an ci ml) HashJoin(pi n an ci ml lt) NestLoop(pi n an ci ml lt it) NestLoop(pi n an ci ml lt it t) Leading((((((((pi n) an) ci) ml) lt) it) t)) */
"['%Alexander%', 'mini biography', 'referenced in', 'm', 'f', '%Paul%', 'Anonymous']",1,median,38.559675216674805,33.18309783935547,0.5258424,50,/*+  SeqScan(pi) IndexScan(n name_pkey) IndexScan(an person_id_aka_name) IndexScan(ci person_id_cast_info) IndexScan(ml linked_movie_id_movie_link) SeqScan(lt) IndexScan(it info_type_pkey) IndexScan(t title_pkey) NestLoop(pi n) NestLoop(pi n an) NestLoop(pi n an ci) NestLoop(pi n an ci ml) HashJoin(pi n an ci ml lt) NestLoop(pi n an ci ml lt it) NestLoop(pi n an ci ml lt it t) Leading((((((((pi n) an) ci) ml) lt) it) t)) */
"['%R%', 'mini biography', 'references', 'f', 'm', '%n%', 'Maria Nickless']",1,median,33.29944610595703,77.50415802001953,0.5321985,50,/*+  SeqScan(pi) IndexScan(n name_pkey) IndexScan(an person_id_aka_name) IndexScan(ci person_id_cast_info) IndexScan(ml linked_movie_id_movie_link) SeqScan(lt) IndexScan(it info_type_pkey) IndexScan(t title_pkey) NestLoop(pi n) NestLoop(pi n an) NestLoop(pi n an ci) NestLoop(pi n an ci ml) HashJoin(pi n an ci ml lt) NestLoop(pi n an ci ml lt it) NestLoop(pi n an ci ml lt it t) Leading((((((((pi n) an) ci) ml) lt) it) t)) */
"['%m%', 'mini biography', 'followed by', 'm', 'f', '%i%', 'Anonymous']",1,median,38.9711856842041,29.222488403320312,0.53386784,50,/*+  SeqScan(pi) IndexScan(n name_pkey) IndexScan(an person_id_aka_name) IndexScan(ci person_id_cast_info) IndexScan(ml linked_movie_id_movie_link) SeqScan(lt) IndexScan(it info_type_pkey) IndexScan(t title_pkey) NestLoop(pi n) NestLoop(pi n an) NestLoop(pi n an ci) NestLoop(pi n an ci ml) HashJoin(pi n an ci ml lt) NestLoop(pi n an ci ml lt it) NestLoop(pi n an ci ml lt it t) Leading((((((((pi n) an) ci) ml) lt) it) t)) */
"['%i%', 'mini biography', 'version of', 'f', 'm', '%Welker%', 'Anonymous']",1,median,38.228511810302734,37.32013702392578,0.5332804,50,/*+  SeqScan(pi) IndexScan(n name_pkey) IndexScan(an person_id_aka_name) IndexScan(ci person_id_cast_info) IndexScan(ml linked_movie_id_movie_link) SeqScan(lt) IndexScan(it info_type_pkey) IndexScan(t title_pkey) NestLoop(pi n) NestLoop(pi n an) NestLoop(pi n an ci) NestLoop(pi n an ci ml) HashJoin(pi n an ci ml lt) NestLoop(pi n an ci ml lt it) NestLoop(pi n an ci ml lt it t) Leading((((((((pi n) an) ci) ml) lt) it) t)) */
"['%j%', 'mini biography', 'referenced in', 'f', 'm', '%David%', 'frankfob2@yahoo.com']",1,median,30.05385398864746,29.876232147216797,0.5289389,50,/*+  SeqScan(pi) IndexScan(n name_pkey) IndexScan(an person_id_aka_name) IndexScan(ci person_id_cast_info) IndexScan(ml linked_movie_id_movie_link) SeqScan(lt) IndexScan(it info_type_pkey) IndexScan(t title_pkey) NestLoop(pi n) NestLoop(pi n an) NestLoop(pi n an ci) NestLoop(pi n an ci ml) HashJoin(pi n an ci ml lt) NestLoop(pi n an ci ml lt it) NestLoop(pi n an ci ml lt it t) Leading((((((((pi n) an) ci) ml) lt) it) t)) */
"['%J%', 'mini biography', 'featured in', 'f', 'm', '%Armand%', 'woodyanders']",1,median,40.81273078918457,38.59663009643555,0.54244834,50,/*+  SeqScan(pi) IndexScan(n name_pkey) IndexScan(an person_id_aka_name) IndexScan(ci person_id_cast_info) IndexScan(ml linked_movie_id_movie_link) SeqScan(lt) IndexScan(it info_type_pkey) IndexScan(t title_pkey) NestLoop(pi n) NestLoop(pi n an) NestLoop(pi n an ci) NestLoop(pi n an ci ml) HashJoin(pi n an ci ml lt) NestLoop(pi n an ci ml lt it) NestLoop(pi n an ci ml lt it t) Leading((((((((pi n) an) ci) ml) lt) it) t)) */
"['%Mary%', 'mini biography', 'features', 'f', 'm', '%Montiel%', 'Gary Brumburgh / gr-home@pacbell.net']",1,median,41.7020320892334,38.969993591308594,0.5414133,50,/*+  SeqScan(pi) IndexScan(n name_pkey) IndexScan(an person_id_aka_name) IndexScan(ci person_id_cast_info) IndexScan(ml linked_movie_id_movie_link) SeqScan(lt) IndexScan(it info_type_pkey) IndexScan(t title_pkey) NestLoop(pi n) NestLoop(pi n an) NestLoop(pi n an ci) NestLoop(pi n an ci ml) HashJoin(pi n an ci ml lt) NestLoop(pi n an ci ml lt it) NestLoop(pi n an ci ml lt it t) Leading((((((((pi n) an) ci) ml) lt) it) t)) */
"['%Chris%', 'mini biography', 'version of', 'm', 'f', '%Bell%', 'Anonymous']",1,median,37.97459602355957,31.094789505004883,0.5054251,50,/*+  SeqScan(pi) IndexScan(n name_pkey) IndexScan(an person_id_aka_name) IndexScan(ci person_id_cast_info) IndexScan(ml linked_movie_id_movie_link) SeqScan(lt) IndexScan(it info_type_pkey) IndexScan(t title_pkey) NestLoop(pi n) NestLoop(pi n an) NestLoop(pi n an ci) NestLoop(pi n an ci ml) HashJoin(pi n an ci ml lt) NestLoop(pi n an ci ml lt it) NestLoop(pi n an ci ml lt it t) Leading((((((((pi n) an) ci) ml) lt) it) t)) */
"['%i%', 'mini biography', 'follows', 'f', 'm', '%Hirepan%', 'Gary Brumburgh / gr-home@pacbell.net']",1,median,29.281139373779297,31.687498092651367,0.5510516,50,/*+  SeqScan(pi) IndexScan(n name_pkey) IndexScan(an person_id_aka_name) IndexScan(ci person_id_cast_info) IndexScan(ml linked_movie_id_movie_link) SeqScan(lt) IndexScan(it info_type_pkey) IndexScan(t title_pkey) NestLoop(pi n) NestLoop(pi n an) NestLoop(pi n an ci) NestLoop(pi n an ci ml) HashJoin(pi n an ci ml lt) NestLoop(pi n an ci ml lt it) NestLoop(pi n an ci ml lt it t) Leading((((((((pi n) an) ci) ml) lt) it) t)) */
"['%Smith%', 'mini biography', 'referenced in', 'f', 'm', '%Enzo%', 'Gary Brumburgh / gr-home@pacbell.net']",1,median,29.091596603393555,31.37993812561035,0.5203647,50,/*+  SeqScan(pi) IndexScan(n name_pkey) IndexScan(an person_id_aka_name) IndexScan(ci person_id_cast_info) IndexScan(ml linked_movie_id_movie_link) SeqScan(lt) IndexScan(it info_type_pkey) IndexScan(t title_pkey) NestLoop(pi n) NestLoop(pi n an) NestLoop(pi n an ci) NestLoop(pi n an ci ml) HashJoin(pi n an ci ml lt) NestLoop(pi n an ci ml lt it) NestLoop(pi n an ci ml lt it t) Leading((((((((pi n) an) ci) ml) lt) it) t)) */
"['%Bill%', 'mini biography', 'follows', 'm', 'f', '%David%', 'Gary Brumburgh / gr-home@pacbell.net']",1,median,33.7824821472168,26.35478973388672,0.53551275,50,/*+  SeqScan(pi) IndexScan(n name_pkey) IndexScan(an person_id_aka_name) IndexScan(ci person_id_cast_info) IndexScan(ml linked_movie_id_movie_link) SeqScan(lt) IndexScan(it info_type_pkey) IndexScan(t title_pkey) NestLoop(pi n) NestLoop(pi n an) NestLoop(pi n an ci) NestLoop(pi n an ci ml) HashJoin(pi n an ci ml lt) NestLoop(pi n an ci ml lt it) NestLoop(pi n an ci ml lt it t) Leading((((((((pi n) an) ci) ml) lt) it) t)) */
"['%y%', 'mini biography', 'referenced in', 'm', 'f', '%Jay%', 'John Nehrenz']",1,median,34.67965126037598,35.941123962402344,0.537905,50,/*+  SeqScan(pi) IndexScan(n name_pkey) IndexScan(an person_id_aka_name) IndexScan(ci person_id_cast_info) IndexScan(ml linked_movie_id_movie_link) SeqScan(lt) IndexScan(it info_type_pkey) IndexScan(t title_pkey) NestLoop(pi n) NestLoop(pi n an) NestLoop(pi n an ci) NestLoop(pi n an ci ml) HashJoin(pi n an ci ml lt) NestLoop(pi n an ci ml lt it) NestLoop(pi n an ci ml lt it t) Leading((((((((pi n) an) ci) ml) lt) it) t)) */
"['%a%', 'mini biography', 'referenced in', 'm', 'f', '%Fred%', 'Gilli']",1,median,30.3194522857666,31.256675720214844,0.5231495,50,/*+  SeqScan(pi) IndexScan(n name_pkey) IndexScan(an person_id_aka_name) IndexScan(ci person_id_cast_info) IndexScan(ml linked_movie_id_movie_link) SeqScan(lt) IndexScan(it info_type_pkey) IndexScan(t title_pkey) NestLoop(pi n) NestLoop(pi n an) NestLoop(pi n an ci) NestLoop(pi n an ci ml) HashJoin(pi n an ci ml lt) NestLoop(pi n an ci ml lt it) NestLoop(pi n an ci ml lt it t) Leading((((((((pi n) an) ci) ml) lt) it) t)) */
"['%A%', 'mini biography', 'version of', 'm', 'f', '%Vasilyev%', 'Kelly Wiebe <senhue@mts.net>']",1,median,31.74424171447754,29.13522720336914,0.53217477,50,/*+  SeqScan(pi) IndexScan(n name_pkey) IndexScan(an person_id_aka_name) IndexScan(ci person_id_cast_info) IndexScan(ml linked_movie_id_movie_link) SeqScan(lt) IndexScan(it info_type_pkey) IndexScan(t title_pkey) NestLoop(pi n) NestLoop(pi n an) NestLoop(pi n an ci) NestLoop(pi n an ci ml) HashJoin(pi n an ci ml lt) NestLoop(pi n an ci ml lt it) NestLoop(pi n an ci ml lt it t) Leading((((((((pi n) an) ci) ml) lt) it) t)) */
"['%o%', 'mini biography', 'version of', 'm', 'f', '%Gilbert%', 'anonymous']",1,median,31.942129135131836,36.43798828125,0.53764,50,/*+  SeqScan(pi) IndexScan(n name_pkey) IndexScan(an person_id_aka_name) IndexScan(ci person_id_cast_info) IndexScan(ml linked_movie_id_movie_link) SeqScan(lt) IndexScan(it info_type_pkey) IndexScan(t title_pkey) NestLoop(pi n) NestLoop(pi n an) NestLoop(pi n an ci) NestLoop(pi n an ci ml) HashJoin(pi n an ci ml lt) NestLoop(pi n an ci ml lt it) NestLoop(pi n an ci ml lt it t) Leading((((((((pi n) an) ci) ml) lt) it) t)) */
